 nx =          257  ny =          257  Solver = Multigrid, Smoother =            1
 Iteration        Residual
           1   964.306641    
           2   309.201691    
           3   102.528931    
           4   35.1271629    
           5   12.7359419    
           6   5.44747972    
           7   3.08817244    
           8   2.25703573    
           9   1.86028528    
          10   1.60259044    
          11   1.41059208    
          12   1.25932145    
          13   1.13609123    
          14   1.03333986    
          15  0.946135283    
          16  0.871147931    
          17  0.805898726    
          18  0.748648286    
          19  0.698011994    
          20  0.652879000    
          21  0.612340868    
          22  0.575770199    
          23  0.542565584    
          24  0.512254179    
          25  0.484497756    
          26  0.458979458    
          27  0.435441077    
          28  0.413653702    
          29  0.393421382    
          30  0.374581456    
          31  0.356999815    
          32  0.340563327    
          33  0.325177848    
          34  0.310750961    
          35  0.297195673    
          36  0.284443498    
          37  0.272430241    
          38  0.261084914    
          39  0.250354797    
          40  0.240206063    
          41  0.230594724    
          42  0.221490189    
          43  0.212852001    
          44  0.204653963    
          45  0.196864754    
          46  0.189459279    
          47  0.182413861    
          48  0.175704643    
          49  0.169311300    
          50  0.163216218    
          51  0.157403976    
          52  0.151856452    
          53  0.146557972    
          54  0.141496897    
          55  0.136660978    
          56  0.132037237    
          57  0.127615362    
          58  0.123384401    
          59  0.119332492    
          60  0.115450889    
          61  0.111728981    
          62  0.108157180    
          63  0.104730472    
          64  0.101440512    
          65   9.82795432E-02
          66   9.52429324E-02
          67   9.23251286E-02
          68   8.95219371E-02
          69   8.68281573E-02
          70   8.42402354E-02
          71   8.17499012E-02
          72   7.93534368E-02
          73   7.70477802E-02
          74   7.48300329E-02
          75   7.26937428E-02
          76   7.06351027E-02
          77   6.86517730E-02
          78   6.67378083E-02
          79   6.48938343E-02
          80   6.31146803E-02
          81   6.13974817E-02
          82   5.97418100E-02
          83   5.81436008E-02
          84   5.66004664E-02
          85   5.51112033E-02
          86   5.36727719E-02
          87   5.22834659E-02
          88   5.09414561E-02
          89   4.96450216E-02
          90   4.83920127E-02
          91   4.71807979E-02
          92   4.60100695E-02
          93   4.48780283E-02
          94   4.37831543E-02
          95   4.27240916E-02
          96   4.16997969E-02
          97   4.07090634E-02
          98   3.97510007E-02
          99   3.88238356E-02
         100   3.79267968E-02
         101   3.70578319E-02
         102   3.62169892E-02
         103   3.54027040E-02
         104   3.46132480E-02
         105   3.38487364E-02
         106   3.31075490E-02
         107   3.23883779E-02
         108   3.16918008E-02
         109   3.10161207E-02
         110   3.03607993E-02
         111   2.97250301E-02
         112   2.91084349E-02
         113   2.85103843E-02
         114   2.79297400E-02
         115   2.73662657E-02
         116   2.68192161E-02
         117   2.62884777E-02
         118   2.57728957E-02
         119   2.52724309E-02
         120   2.47859452E-02
         121   2.43135486E-02
         122   2.38545779E-02
         123   2.34086551E-02
         124   2.29754616E-02
         125   2.25545038E-02
         126   2.21450273E-02
         127   2.17467695E-02
         128   2.13595778E-02
         129   2.09827572E-02
         130   2.06161272E-02
         131   2.02590432E-02
         132   1.99111663E-02
         133   1.95724275E-02
         134   1.92423947E-02
         135   1.89214628E-02
         136   1.86084956E-02
         137   1.83040500E-02
         138   1.80074964E-02
         139   1.77192483E-02
         140   1.74385607E-02
         141   1.71645377E-02
         142   1.68975051E-02
         143   1.66370347E-02
         144   1.63826980E-02
         145   1.61346085E-02
         146   1.58922821E-02
         147   1.56556629E-02
         148   1.54246893E-02
         149   1.51992552E-02
         150   1.49787506E-02
         151   1.47633478E-02
         152   1.45529611E-02
         153   1.43472459E-02
         154   1.41459554E-02
         155   1.39491670E-02
         156   1.37565499E-02
         157   1.35682160E-02
         158   1.33835590E-02
         159   1.32028684E-02
         160   1.30257243E-02
         161   1.28522487E-02
         162   1.26823159E-02
         163   1.25157135E-02
         164   1.23525867E-02
         165   1.21927224E-02
         166   1.20359948E-02
         167   1.18825166E-02
         168   1.17318621E-02
         169   1.15842139E-02
         170   1.14395069E-02
         171   1.12976320E-02
         172   1.11584477E-02
         173   1.10217957E-02
         174   1.08880913E-02
         175   1.07568027E-02
         176   1.06279701E-02
         177   1.05017405E-02
         178   1.03777284E-02
         179   1.02560958E-02
         180   1.01366937E-02
         181   1.00195128E-02
         182   9.90453456E-03
         183   9.79168527E-03
         184   9.68090724E-03
         185   9.57201701E-03
         186   9.46508534E-03
         187   9.36005078E-03
         188   9.25698038E-03
         189   9.15568508E-03
         190   9.05614253E-03
         191   8.95829033E-03
         192   8.86213686E-03
         193   8.76767281E-03
         194   8.67464300E-03
         195   8.58330075E-03
         196   8.49337503E-03
         197   8.40500183E-03
         198   8.31795018E-03
         199   8.23231041E-03
         200   8.14819057E-03
         201   8.06539878E-03
         202   7.98392761E-03
         203   7.90378172E-03
         204   7.82496203E-03
         205   7.74728972E-03
         206   7.67094037E-03
         207   7.59563548E-03
         208   7.52172014E-03
         209   7.44867744E-03
         210   7.37689063E-03
         211   7.30617344E-03
         212   7.23656081E-03
         213   7.16781383E-03
         214   7.10032880E-03
         215   7.03384122E-03
         216   6.96821418E-03
         217   6.90365164E-03
         218   6.83994731E-03
         219   6.77733729E-03
         220   6.71533449E-03
         221   6.65452331E-03
         222   6.59441343E-03
         223   6.53529726E-03
         224   6.47694524E-03
         225   6.41943607E-03
         226   6.36271201E-03
         227   6.30666409E-03
         228   6.25140639E-03
         229   6.19708747E-03
         230   6.14353735E-03
         231   6.09036861E-03
         232   6.03814423E-03
         233   5.98649262E-03
         234   5.93541842E-03
         235   5.88535843E-03
         236   5.83586050E-03
         237   5.78682544E-03
         238   5.73846558E-03
         239   5.69080561E-03
         240   5.64360572E-03
         241   5.59702236E-03
         242   5.55112585E-03
         243   5.50573878E-03
         244   5.46091329E-03
         245   5.41669549E-03
         246   5.37291029E-03
         247   5.32972254E-03
         248   5.28706750E-03
         249   5.24485763E-03
         250   5.20316325E-03
         251   5.16203651E-03
         252   5.12113934E-03
         253   5.08088246E-03
         254   5.04113128E-03
         255   5.00176428E-03
         256   4.96295234E-03
         257   4.92458697E-03
         258   4.88642696E-03
         259   4.84882109E-03
         260   4.81164735E-03
         261   4.77489363E-03
         262   4.73858602E-03
         263   4.70243022E-03
         264   4.66699572E-03
         265   4.63184342E-03
         266   4.59704688E-03
         267   4.56259213E-03
         268   4.52855136E-03
         269   4.49486682E-03
         270   4.46159625E-03
         271   4.42856830E-03
         272   4.39592032E-03
         273   4.36366023E-03
         274   4.33176337E-03
         275   4.30003600E-03
         276   4.26892145E-03
         277   4.23780363E-03
         278   4.20726603E-03
         279   4.17680107E-03
         280   4.14688280E-03
         281   4.11715778E-03
         282   4.08780808E-03
         283   4.05870425E-03
         284   4.02977737E-03
         285   4.00135247E-03
         286   3.97315808E-03
         287   3.94513970E-03
         288   3.91741376E-03
         289   3.89014510E-03
         290   3.86298238E-03
         291   3.83606274E-03
         292   3.80945043E-03
         293   3.78310052E-03
         294   3.75696085E-03
         295   3.73114226E-03
         296   3.70560959E-03
         297   3.68022663E-03
         298   3.65515309E-03
         299   3.63035291E-03
         300   3.60566773E-03
         301   3.58121097E-03
         302   3.55709693E-03
         303   3.53320548E-03
         304   3.50948214E-03
         305   3.48588708E-03
         306   3.46262241E-03
         307   3.43959290E-03
         308   3.41685466E-03
         309   3.39408661E-03
         310   3.37155792E-03
         311   3.34944157E-03
         312   3.32722557E-03
         313   3.30542703E-03
         314   3.28381965E-03
         315   3.26240459E-03
         316   3.24104819E-03
         317   3.22013954E-03
         318   3.19918129E-03
         319   3.17843561E-03
         320   3.15789343E-03
         321   3.13752214E-03
         322   3.11731733E-03
         323   3.09725944E-03
         324   3.07748839E-03
         325   3.05785704E-03
         326   3.03827832E-03
         327   3.01888422E-03
         328   2.99984170E-03
         329   2.98088579E-03
         330   2.96201976E-03
         331   2.94328248E-03
         332   2.92481366E-03
         333   2.90640187E-03
         334   2.88814981E-03
         335   2.87007424E-03
         336   2.85206642E-03
         337   2.83425953E-03
         338   2.81671248E-03
         339   2.79923808E-03
         340   2.78197625E-03
         341   2.76480871E-03
         342   2.74769193E-03
         343   2.73086294E-03
         344   2.71399179E-03
         345   2.69735302E-03
         346   2.68099527E-03
         347   2.66452366E-03
         348   2.64822948E-03
         349   2.63211690E-03
         350   2.61621317E-03
         351   2.60040560E-03
         352   2.58470420E-03
         353   2.56908126E-03
         354   2.55368860E-03
         355   2.53838743E-03
         356   2.52311677E-03
         357   2.50807451E-03
         358   2.49304180E-03
         359   2.47810502E-03
         360   2.46347860E-03
         361   2.44889339E-03
         362   2.43432843E-03
         363   2.41997303E-03
         364   2.40574381E-03
         365   2.39163893E-03
         366   2.37759156E-03
         367   2.36359774E-03
         368   2.34986166E-03
         369   2.33623618E-03
         370   2.32254830E-03
         371   2.30902713E-03
         372   2.29551806E-03
         373   2.28240318E-03
         374   2.26929272E-03
         375   2.25599273E-03
         376   2.24321359E-03
         377   2.23022536E-03
         378   2.21754401E-03
         379   2.20488175E-03
         380   2.19222088E-03
         381   2.17975699E-03
         382   2.16739159E-03
         383   2.15505087E-03
         384   2.14292901E-03
         385   2.13092449E-03
         386   2.11874908E-03
         387   2.10687332E-03
         388   2.09506531E-03
         389   2.08335253E-03
         390   2.07175524E-03
         391   2.06032698E-03
         392   2.04876997E-03
         393   2.03742273E-03
         394   2.02616979E-03
         395   2.01492687E-03
         396   2.00366834E-03
         397   1.99268921E-03
         398   1.98186445E-03
         399   1.97080267E-03
         400   1.96014321E-03
         401   1.94940111E-03
         402   1.93874317E-03
         403   1.92828372E-03
         404   1.91775814E-03
         405   1.90752884E-03
         406   1.89709209E-03
         407   1.88687106E-03
         408   1.87670591E-03
         409   1.86673983E-03
         410   1.85665127E-03
         411   1.84696913E-03
         412   1.83693809E-03
         413   1.82729389E-03
         414   1.81741698E-03
         415   1.80792483E-03
         416   1.79854454E-03
         417   1.78894016E-03
         418   1.77962647E-03
         419   1.77031464E-03
         420   1.76099595E-03
         421   1.75173767E-03
         422   1.74264121E-03
         423   1.73363276E-03
         424   1.72460033E-03
         425   1.71567267E-03
         426   1.70696876E-03
         427   1.69821177E-03
         428   1.68931414E-03
         429   1.68075960E-03
         430   1.67216198E-03
         431   1.66375062E-03
         432   1.65528560E-03
         433   1.64703280E-03
         434   1.63857825E-03
         435   1.63042068E-03
         436   1.62220595E-03
         437   1.61396665E-03
         438   1.60596520E-03
         439   1.59788714E-03
         440   1.59000023E-03
         441   1.58207584E-03
         442   1.57437427E-03
         443   1.56649610E-03
         444   1.55892468E-03
         445   1.55112811E-03
         446   1.54361001E-03
         447   1.53606769E-03
         448   1.52865751E-03
         449   1.52112055E-03
         450   1.51383318E-03
         451   1.50642870E-03
         452   1.49931700E-03
         453   1.49206899E-03
         454   1.48499396E-03
         455   1.47781381E-03
         456   1.47082866E-03
         457   1.46378169E-03
         458   1.45681610E-03
         459   1.45001698E-03
         460   1.44317199E-03
         461   1.43652002E-03
         462   1.42976316E-03
         463   1.42301247E-03
         464   1.41640345E-03
         465   1.40975532E-03
         466   1.40329590E-03
         467   1.39676454E-03
         468   1.39038009E-03
         469   1.38407748E-03
         470   1.37775508E-03
         471   1.37149717E-03
         472   1.36517757E-03
         473   1.35904062E-03
         474   1.35300786E-03
         475   1.34676485E-03
         476   1.34057621E-03
         477   1.33460155E-03
         478   1.32865598E-03
         479   1.32261624E-03
         480   1.31678616E-03
         481   1.31107413E-03
         482   1.30524195E-03
         483   1.29958731E-03
         484   1.29385188E-03
         485   1.28817337E-03
         486   1.28250336E-03
         487   1.27698504E-03
         488   1.27147615E-03
         489   1.26595749E-03
         490   1.26035581E-03
         491   1.25504669E-03
         492   1.24955806E-03
         493   1.24419725E-03
         494   1.23901654E-03
         495   1.23387470E-03
         496   1.22850237E-03
         497   1.22322480E-03
         498   1.21808099E-03
         499   1.21314859E-03
         500   1.20793586E-03
         501   1.20300881E-03
         502   1.19793531E-03
         503   1.19307509E-03
         504   1.18803757E-03
         505   1.18311588E-03
         506   1.17825449E-03
         507   1.17343129E-03
         508   1.16865139E-03
         509   1.16380805E-03
         510   1.15909684E-03
         511   1.15448365E-03
         512   1.14969001E-03
         513   1.14507368E-03
         514   1.14058831E-03
         515   1.13589468E-03
         516   1.13137043E-03
         517   1.12692977E-03
         518   1.12254696E-03
         519   1.11810362E-03
         520   1.11361837E-03
         521   1.10904954E-03
         522   1.10470690E-03
         523   1.10044377E-03
         524   1.09607435E-03
         525   1.09214685E-03
         526   1.08770735E-03
         527   1.08334911E-03
         528   1.07912661E-03
         529   1.07499876E-03
         530   1.07078452E-03
         531   1.06667634E-03
         532   1.06258621E-03
         533   1.05855719E-03
         534   1.05439359E-03
         535   1.05049589E-03
         536   1.04614918E-03
         537   1.04228698E-03
         538   1.03820662E-03
         539   1.03441929E-03
         540   1.03052438E-03
         541   1.02666335E-03
         542   1.02276728E-03
         543   1.01897982E-03
         544   1.01516163E-03
         545   1.01143832E-03
         546   1.00749941E-03
         547   1.00364932E-03
         548   1.00013555E-03
         549   9.96207003E-04
         550   9.92695452E-04
         551   9.88836051E-04
         552   9.85314837E-04
         553   9.81754041E-04
         554   9.78188124E-04
         555   9.74580820E-04
         556   9.70704074E-04
         557   9.67282103E-04
         558   9.63683240E-04
         559   9.60152189E-04
         560   9.56752687E-04
         561   9.53205745E-04
         562   9.49777314E-04
         563   9.46430955E-04
         564   9.43049265E-04
         565   9.39551624E-04
         566   9.36172495E-04
         567   9.32799769E-04
         568   9.29578615E-04
         569   9.26301931E-04
         570   9.22851614E-04
         571   9.19448445E-04
         572   9.16259713E-04
         573   9.13242809E-04
         574   9.09739058E-04
         575   9.06647940E-04
         576   9.03370208E-04
         577   9.00274958E-04
         578   8.97148275E-04
         579   8.93794466E-04
         580   8.90691590E-04
         581   8.87814618E-04
         582   8.84711044E-04
         583   8.81555781E-04
         584   8.78559949E-04
         585   8.75512778E-04
         586   8.72464501E-04
         587   8.69292649E-04
         588   8.66572198E-04
         589   8.63508612E-04
         590   8.60448403E-04
         591   8.57591222E-04
         592   8.54753889E-04
         593   8.51907884E-04
         594   8.48834403E-04
         595   8.46102485E-04
         596   8.43119458E-04
         597   8.40280612E-04
         598   8.37572559E-04
         599   8.34822247E-04
         600   8.31940386E-04
         601   8.29074765E-04
         602   8.26219388E-04
         603   8.23433511E-04
         604   8.20999616E-04
         605   8.18288478E-04
         606   8.15397303E-04
         607   8.12822022E-04
         608   8.09961464E-04
         609   8.07388627E-04
         610   8.04803742E-04
         611   8.02170311E-04
         612   7.99516449E-04
         613   7.96940643E-04
         614   7.94293650E-04
         615   7.91710336E-04
         616   7.89162412E-04
         617   7.86621938E-04
         618   7.84231583E-04
         619   7.81674928E-04
         620   7.79089343E-04
         621   7.76771863E-04
         622   7.74179294E-04
         623   7.71626306E-04
         624   7.69213249E-04
         625   7.66953337E-04
         626   7.64410594E-04
         627   7.62072974E-04
         628   7.59566261E-04
         629   7.57007918E-04
         630   7.54699984E-04
         631   7.52569526E-04
         632   7.50183885E-04
         633   7.47668091E-04
         634   7.45461439E-04
         635   7.42906530E-04
         636   7.40598480E-04
         637   7.38365285E-04
         638   7.36255606E-04
         639   7.34006346E-04
         640   7.31562672E-04
         641   7.29424530E-04
         642   7.27230101E-04
         643   7.25132239E-04
         644   7.22655095E-04
         645   7.20454089E-04
         646   7.18187192E-04
         647   7.16113544E-04
         648   7.13806483E-04
         649   7.11791508E-04
         650   7.09615939E-04
         651   7.07580766E-04
         652   7.05281738E-04
         653   7.03341211E-04
         654   7.01172336E-04
         655   6.99151016E-04
         656   6.97003212E-04
         657   6.95076247E-04
         658   6.93038979E-04
         659   6.91091409E-04
         660   6.88969099E-04
         661   6.86801097E-04
         662   6.84983213E-04
         663   6.82677608E-04
         664   6.80953497E-04
         665   6.78938522E-04
         666   6.76768017E-04
         667   6.74905546E-04
         668   6.73045870E-04
         669   6.71023212E-04
         670   6.69075642E-04
         671   6.67272077E-04
         672   6.65150001E-04
         673   6.63146377E-04
         674   6.61285769E-04
         675   6.59411016E-04
         676   6.57394412E-04
         677   6.55682175E-04
         678   6.53897296E-04
         679   6.51958166E-04
         680   6.50067814E-04
         681   6.48423855E-04
         682   6.46542350E-04
         683   6.44784188E-04
         684   6.42859726E-04
         685   6.41040970E-04
         686   6.39304053E-04
         687   6.37773774E-04
         688   6.35813165E-04
         689   6.34027820E-04
         690   6.32359472E-04
         691   6.30536815E-04
         692   6.28930342E-04
         693   6.27256057E-04
         694   6.25381537E-04
         695   6.23687753E-04
         696   6.21916668E-04
         697   6.20203500E-04
         698   6.18587364E-04
         699   6.16915058E-04
         700   6.15121564E-04
         701   6.13527081E-04
         702   6.11884578E-04
         703   6.10241026E-04
         704   6.08519127E-04
         705   6.07037626E-04
         706   6.05312351E-04
         707   6.03588182E-04
         708   6.02223910E-04
         709   6.00293803E-04
         710   5.98825456E-04
         711   5.97232720E-04
         712   5.95775782E-04
         713   5.94265293E-04
         714   5.92763012E-04
         715   5.91115968E-04
         716   5.89375093E-04
         717   5.87862974E-04
         718   5.86507784E-04
         719   5.84993977E-04
         720   5.83298912E-04
         721   5.81932603E-04
         722   5.80416468E-04
         723   5.78835839E-04
         724   5.77321276E-04
         725   5.75770042E-04
         726   5.74373815E-04
         727   5.72854187E-04
         728   5.71433571E-04
         729   5.70097240E-04
         730   5.68532734E-04
         731   5.67130395E-04
         732   5.65631664E-04
         733   5.64256625E-04
         734   5.62789035E-04
         735   5.61434717E-04
         736   5.59947221E-04
         737   5.58617176E-04
         738   5.57286548E-04
         739   5.55777689E-04
         740   5.54438913E-04
         741   5.52709680E-04
         742   5.51769219E-04
         743   5.50241035E-04
         744   5.48931363E-04
         745   5.47555508E-04
         746   5.46158815E-04
         747   5.44903858E-04
         748   5.43450878E-04
         749   5.42344991E-04
         750   5.40891080E-04
         751   5.39597415E-04
         752   5.38236287E-04
         753   5.36838197E-04
         754   5.35463623E-04
         755   5.34117804E-04
         756   5.32921287E-04
         757   5.31665515E-04
         758   5.30142279E-04
         759   5.28640987E-04
         760   5.27626835E-04
         761   5.26438060E-04
         762   5.25116746E-04
         763   5.23863710E-04
         764   5.22553630E-04
         765   5.21287904E-04
         766   5.20034868E-04
         767   5.18808083E-04
         768   5.17527107E-04
         769   5.16262488E-04
         770   5.15191816E-04
         771   5.13852283E-04
         772   5.12562750E-04
         773   5.11340157E-04
         774   5.10272337E-04
         775   5.09100908E-04
         776   5.07759338E-04
         777   5.06568700E-04
         778   5.05330565E-04
         779   5.04144991E-04
         780   5.02861163E-04
         781   5.01661852E-04
         782   5.00649388E-04
         783   4.99272719E-04
         784   4.98140755E-04
         785   4.97162284E-04
         786   4.95856744E-04
         787   4.94657492E-04
         788   4.93600382E-04
         789   4.92386927E-04
         790   4.91144601E-04
         791   4.90048027E-04
         792   4.89028171E-04
         793   4.87882353E-04
         794   4.86761477E-04
         795   4.85513010E-04
         796   4.84447228E-04
         797   4.83181357E-04
         798   4.82168660E-04
         799   4.80971474E-04
         800   4.79898590E-04
         801   4.78650676E-04
         802   4.77772730E-04
         803   4.76602028E-04
         804   4.75389854E-04
         805   4.74281755E-04
         806   4.73233842E-04
         807   4.72181448E-04
         808   4.71143721E-04
         809   4.69878432E-04
         810   4.68853890E-04
         811   4.67784470E-04
         812   4.66820988E-04
         813   4.65927558E-04
         814   4.64735291E-04
         815   4.63568023E-04
         816   4.62798460E-04
         817   4.61804098E-04
         818   4.60545794E-04
         819   4.59431147E-04
         820   4.58562077E-04
         821   4.57486691E-04
         822   4.56446665E-04
         823   4.55230154E-04
         824   4.54332709E-04
         825   4.53150395E-04
         826   4.52222477E-04
         827   4.51109197E-04
         828   4.50303487E-04
         829   4.49160143E-04
         830   4.48227976E-04
         831   4.47309692E-04
         832   4.46120830E-04
         833   4.45143785E-04
         834   4.44142817E-04
         835   4.43322235E-04
         836   4.42168501E-04
         837   4.41234239E-04
         838   4.40490578E-04
         839   4.39319643E-04
         840   4.38357267E-04
         841   4.37250827E-04
         842   4.36318456E-04
         843   4.35367459E-04
         844   4.34454734E-04
         845   4.33538953E-04
         846   4.32364701E-04
         847   4.31281398E-04
         848   4.30416432E-04
         849   4.29686683E-04
         850   4.28591913E-04
         851   4.27746185E-04
         852   4.26946761E-04
         853   4.25984646E-04
         854   4.25002800E-04
         855   4.24107420E-04
         856   4.23231802E-04
         857   4.22239915E-04
         858   4.21425182E-04
         859   4.20420547E-04
         860   4.19679214E-04
         861   4.18799464E-04
         862   4.17765434E-04
         863   4.16761119E-04
         864   4.16007882E-04
         865   4.15271439E-04
         866   4.14274255E-04
         867   4.13179223E-04
         868   4.12370864E-04
         869   4.11431276E-04
         870   4.10572597E-04
         871   4.09734901E-04
         872   4.08883614E-04
         873   4.08076536E-04
         874   4.07112035E-04
         875   4.06293373E-04
         876   4.05277184E-04
         877   4.04401828E-04
         878   4.03756596E-04
         879   4.02717269E-04
         880   4.01961646E-04
         881   4.01022495E-04
         882   4.00395307E-04
         883   3.99283948E-04
         884   3.98536969E-04
         885   3.97663447E-04
         886   3.96858290E-04
         887   3.95949522E-04
         888   3.95149866E-04
         889   3.94534611E-04
         890   3.93486785E-04
         891   3.92732705E-04
         892   3.92095448E-04
         893   3.91292793E-04
         894   3.90401459E-04
         895   3.89396911E-04
         896   3.88705928E-04
         897   3.87842098E-04
         898   3.87086824E-04
         899   3.86254833E-04
         900   3.85707914E-04
         901   3.84808227E-04
         902   3.83965700E-04
         903   3.83177714E-04
         904   3.82409198E-04
         905   3.81574268E-04
         906   3.80923128E-04
         907   3.80005833E-04
         908   3.79218458E-04
         909   3.78432276E-04
         910   3.77809687E-04
         911   3.76849406E-04
         912   3.76224722E-04
         913   3.75320407E-04
         914   3.74523835E-04
         915   3.73909541E-04
         916   3.72984214E-04
         917   3.72340786E-04
         918   3.71603237E-04
         919   3.70907801E-04
         920   3.70086665E-04
         921   3.69487825E-04
         922   3.68518522E-04
         923   3.67707340E-04
         924   3.67165281E-04
         925   3.66144319E-04
         926   3.65696207E-04
         927   3.65023676E-04
         928   3.64316336E-04
         929   3.63633910E-04
         930   3.62852443E-04
         931   3.62095161E-04
         932   3.61512677E-04
         933   3.60643375E-04
         934   3.59697995E-04
         935   3.59087833E-04
         936   3.58347461E-04
         937   3.57736601E-04
         938   3.57185694E-04
         939   3.56299570E-04
         940   3.55375931E-04
         941   3.54956894E-04
         942   3.54124961E-04
         943   3.53490323E-04
         944   3.52897274E-04
         945   3.52259114E-04
         946   3.51376453E-04
         947   3.50619550E-04
         948   3.50124901E-04
         949   3.49377020E-04
         950   3.48605710E-04
         951   3.48011148E-04
         952   3.47282039E-04
         953   3.46713030E-04
         954   3.45948181E-04
         955   3.45342909E-04
         956   3.44629341E-04
         957   3.43660795E-04
         958   3.43126390E-04
         959   3.42351239E-04
         960   3.41887528E-04
         961   3.41278501E-04
         962   3.40544939E-04
         963   3.39765800E-04
         964   3.39378865E-04
         965   3.38643353E-04
         966   3.38037353E-04
         967   3.37236270E-04
         968   3.36536323E-04
         969   3.36076599E-04
         970   3.35498684E-04
         971   3.34852404E-04
         972   3.34217271E-04
         973   3.33463744E-04
         974   3.32783093E-04
         975   3.32222582E-04
         976   3.31583113E-04
         977   3.30920273E-04
         978   3.30325973E-04
         979   3.29623872E-04
         980   3.28933267E-04
         981   3.28606577E-04
         982   3.27909918E-04
         983   3.27168789E-04
         984   3.26450769E-04
         985   3.25881469E-04
         986   3.25493223E-04
         987   3.24798399E-04
         988   3.24049819E-04
         989   3.23634915E-04
         990   3.22722160E-04
         991   3.22267762E-04
         992   3.21671978E-04
         993   3.21124477E-04
         994   3.20459076E-04
         995   3.19879298E-04
         996   3.19361396E-04
         997   3.18694598E-04
         998   3.18313425E-04
         999   3.17744067E-04
        1000   3.16990161E-04
        1001   3.16518999E-04
        1002   3.15862620E-04
        1003   3.15191399E-04
        1004   3.14571313E-04
        1005   3.14058503E-04
        1006   3.13690165E-04
        1007   3.12889111E-04
        1008   3.12385906E-04
        1009   3.11694952E-04
        1010   3.11356358E-04
        1011   3.10394651E-04
        1012   3.10155767E-04
        1013   3.09615454E-04
        1014   3.08838236E-04
        1015   3.08355549E-04
        1016   3.07884126E-04
        1017   3.07475682E-04
        1018   3.06597125E-04
        1019   3.06199829E-04
        1020   3.05658556E-04
        1021   3.04797781E-04
        1022   3.04316782E-04
        1023   3.04123649E-04
        1024   3.03497043E-04
        1025   3.02875094E-04
        1026   3.02293105E-04
        1027   3.01782304E-04
        1028   3.01141059E-04
        1029   3.00712272E-04
        1030   3.00044048E-04
        1031   2.99705338E-04
        1032   2.99186300E-04
        1033   2.98635714E-04
        1034   2.98122148E-04
        1035   2.97464576E-04
        1036   2.97038758E-04
        1037   2.96154059E-04
        1038   2.95900129E-04
        1039   2.95245321E-04
        1040   2.94808357E-04
        1041   2.94243800E-04
        1042   2.93701596E-04
        1043   2.93402816E-04
        1044   2.92670069E-04
        1045   2.92137614E-04
        1046   2.91597564E-04
        1047   2.91176257E-04
        1048   2.90683791E-04
        1049   2.90064840E-04
        1050   2.89616059E-04
        1051   2.89157761E-04
        1052   2.88560666E-04
        1053   2.88245443E-04
        1054   2.87666480E-04
        1055   2.87025643E-04
        1056   2.86502443E-04
        1057   2.86134891E-04
        1058   2.85671063E-04
        1059   2.85055634E-04
        1060   2.84634007E-04
        1061   2.84107518E-04
        1062   2.83716538E-04
        1063   2.83282541E-04
        1064   2.82678753E-04
        1065   2.82076449E-04
        1066   2.81600835E-04
        1067   2.81076005E-04
        1068   2.80625798E-04
        1069   2.80193606E-04
        1070   2.79535394E-04
        1071   2.79012136E-04
        1072   2.78987398E-04
        1073   2.78182153E-04
        1074   2.77688727E-04
        1075   2.77345243E-04
        1076   2.77076004E-04
        1077   2.76426290E-04
        1078   2.76050821E-04
        1079   2.75337399E-04
        1080   2.75000290E-04
        1081   2.74536869E-04
        1082   2.74168502E-04
        1083   2.73594866E-04
        1084   2.73163489E-04
        1085   2.72576464E-04
        1086   2.72098900E-04
        1087   2.71719968E-04
        1088   2.71375233E-04
        1089   2.70872988E-04
        1090   2.70313205E-04
        1091   2.69906275E-04
        1092   2.69410986E-04
        1093   2.69009004E-04
        1094   2.68488977E-04
        1095   2.67935189E-04
        1096   2.67601135E-04
        1097   2.67206575E-04
        1098   2.67059193E-04
        1099   2.66425632E-04
        1100   2.65792070E-04
        1101   2.65415350E-04
        1102   2.64962349E-04
        1103   2.64659291E-04
        1104   2.64090981E-04
        1105   2.63648108E-04
        1106   2.63124850E-04
        1107   2.62707123E-04
        1108   2.62300164E-04
        1109   2.61915760E-04
        1110   2.61426874E-04
        1111   2.61027308E-04
        1112   2.60789879E-04
        1113   2.60344124E-04
        1114   2.59814959E-04
        1115   2.59339635E-04
        1116   2.58858374E-04
        1117   2.58412358E-04
        1118   2.58027605E-04
        1119   2.57554493E-04
        1120   2.57288310E-04
        1121   2.56825268E-04
        1122   2.56313535E-04
        1123   2.55856023E-04
        1124   2.55641382E-04
        1125   2.55259685E-04
        1126   2.54750368E-04
        1127   2.54329934E-04
        1128   2.54028972E-04
        1129   2.53535865E-04
        1130   2.53257400E-04
        1131   2.52684607E-04
        1132   2.52350379E-04
        1133   2.51993624E-04
        1134   2.51537538E-04
        1135   2.51205696E-04
        1136   2.50713696E-04
        1137   2.50544836E-04
        1138   2.49996199E-04
        1139   2.49593490E-04
        1140   2.49099539E-04
        1141   2.48591066E-04
        1142   2.48379307E-04
        1143   2.47866992E-04
        1144   2.47493095E-04
        1145   2.47350661E-04
        1146   2.46688200E-04
        1147   2.46439158E-04
        1148   2.45972013E-04
        1149   2.45698902E-04
        1150   2.45292322E-04
        1151   2.44886411E-04
        1152   2.44471332E-04
        1153   2.44129187E-04
        1154   2.43578383E-04
        1155   2.43148825E-04
        1156   2.42783004E-04
        1157   2.42624315E-04
        1158   2.42303169E-04
        1159   2.41882983E-04
        1160   2.41423215E-04
        1161   2.40985901E-04
        1162   2.40672467E-04
        1163   2.40336827E-04
        1164   2.40119756E-04
        1165   2.39642482E-04
        1166   2.39178582E-04
        1167   2.38703476E-04
        1168   2.38166700E-04
        1169   2.37898654E-04
        1170   2.37810847E-04
        1171   2.37312212E-04
        1172   2.36942898E-04
        1173   2.36684762E-04
        1174   2.36186781E-04
        1175   2.35754953E-04
        1176   2.35477622E-04
        1177   2.35017244E-04
        1178   2.34691615E-04
        1179   2.34264982E-04
        1180   2.33815546E-04
        1181   2.33779356E-04
        1182   2.33372572E-04
        1183   2.33002793E-04
        1184   2.32431019E-04
        1185   2.32217702E-04
        1186   2.31761369E-04
        1187   2.31434693E-04
        1188   2.31174214E-04
        1189   2.30874619E-04
        1190   2.30638310E-04
        1191   2.30167469E-04
        1192   2.30001679E-04
        1193   2.29625832E-04
        1194   2.29113517E-04
        1195   2.28462188E-04
        1196   2.28237463E-04
        1197   2.28033226E-04
        1198   2.27516706E-04
        1199   2.27217941E-04
        1200   2.26810575E-04
        1201   2.26533521E-04
        1202   2.26167758E-04
        1203   2.26152159E-04
        1204   2.25562340E-04
        1205   2.25344440E-04
        1206   2.25014897E-04
        1207   2.24481555E-04
        1208   2.24074029E-04
        1209   2.23855401E-04
        1210   2.23705370E-04
        1211   2.23303083E-04
        1212   2.22968680E-04
        1213   2.22569157E-04
        1214   2.22296076E-04
        1215   2.21798051E-04
        1216   2.21599621E-04
        1217   2.21233946E-04
        1218   2.21002818E-04
        1219   2.20395392E-04
        1220   2.20263086E-04
        1221   2.20019851E-04
        1222   2.19652400E-04
        1223   2.19516965E-04
        1224   2.18940942E-04
        1225   2.18756555E-04
        1226   2.18434783E-04
        1227   2.18199071E-04
        1228   2.17827954E-04
        1229   2.17486944E-04
        1230   2.17079389E-04
        1231   2.16900968E-04
        1232   2.16535453E-04
        1233   2.16287488E-04
        1234   2.15899141E-04
        1235   2.15717984E-04
        1236   2.15294785E-04
        1237   2.15037013E-04
        1238   2.14682208E-04
        1239   2.14354499E-04
        1240   2.13898165E-04
        1241   2.13731386E-04
        1242   2.13480671E-04
        1243   2.13051550E-04
        1244   2.12757775E-04
        1245   2.12402578E-04
        1246   2.12205065E-04
        1247   2.11920793E-04
        1248   2.11606734E-04
        1249   2.11313527E-04
        1250   2.10952043E-04
        1251   2.10735045E-04
        1252   2.10318918E-04
        1253   2.09978869E-04
        1254   2.09694947E-04
        1255   2.09461010E-04
        1256   2.09116581E-04
        1257   2.08882382E-04
        1258   2.08635945E-04
        1259   2.08143494E-04
        1260   2.08029596E-04
        1261   2.07829507E-04
        1262   2.07359888E-04
        1263   2.07048099E-04
        1264   2.06818047E-04
        1265   2.06410579E-04
        1266   2.06307144E-04
        1267   2.05918812E-04
        1268   2.05475939E-04
        1269   2.05285323E-04
        1270   2.05142307E-04
        1271   2.04844706E-04
        1272   2.04612646E-04
        1273   2.04290889E-04
        1274   2.04062933E-04
        1275   2.03807562E-04
        1276   2.03408999E-04
        1277   2.03212447E-04
        1278   2.02668831E-04
        1279   2.02419178E-04
        1280   2.02287411E-04
        1281   2.01868897E-04
        1282   2.01778108E-04
        1283   2.01425413E-04
        1284   2.01270494E-04
        1285   2.01020201E-04
        1286   2.00820767E-04
        1287   2.00376453E-04
        1288   2.00009672E-04
        1289   1.99933653E-04
        1290   1.99552975E-04
        1291   1.99151415E-04
        1292   1.98820460E-04
        1293   1.98489070E-04
        1294   1.98179609E-04
        1295   1.98217691E-04
        1296   1.97965433E-04
        1297   1.97641653E-04
        1298   1.97461137E-04
        1299   1.96971392E-04
        1300   1.96730209E-04
        1301   1.96396388E-04
        1302   1.96211142E-04
        1303   1.96060224E-04
        1304   1.95627217E-04
        1305   1.95395900E-04
        1306   1.95271932E-04
        1307   1.95023022E-04
        1308   1.94703985E-04
        1309   1.94388311E-04
        1310   1.94221444E-04
        1311   1.93790329E-04
        1312   1.93779240E-04
        1313   1.93377709E-04
        1314   1.93171407E-04
        1315   1.92832464E-04
        1316   1.92721156E-04
        1317   1.92342108E-04
        1318   1.92046558E-04
        1319   1.91850559E-04
        1320   1.91525280E-04
        1321   1.91197323E-04
        1322   1.91080704E-04
        1323   1.90954714E-04
        1324   1.90599487E-04
        1325   1.90356819E-04
        1326   1.89981438E-04
        1327   1.89848332E-04
        1328   1.89521073E-04
        1329   1.89364946E-04
        1330   1.88965365E-04
        1331   1.88822625E-04
        1332   1.88632941E-04
        1333   1.88390011E-04
        1334   1.88206526E-04
        1335   1.87948084E-04
        1336   1.87537575E-04
        1337   1.87310521E-04
        1338   1.87198821E-04
        1339   1.86853707E-04
        1340   1.86680219E-04
        1341   1.86379271E-04
        1342   1.86016274E-04
        1343   1.85724304E-04
        1344   1.85448327E-04
        1345   1.85233890E-04
        1346   1.85070545E-04
        1347   1.84794655E-04
        1348   1.84500168E-04
        1349   1.84103279E-04
        1350   1.83892742E-04
        1351   1.83874989E-04
        1352   1.83496086E-04
        1353   1.83506621E-04
        1354   1.83363605E-04
        1355   1.83060198E-04
        1356   1.82827789E-04
        1357   1.82532123E-04
        1358   1.82319607E-04
        1359   1.82030810E-04
        1360   1.81698924E-04
        1361   1.81559459E-04
        1362   1.81492462E-04
        1363   1.81202820E-04
        1364   1.80918840E-04
        1365   1.80716670E-04
        1366   1.80446965E-04
        1367   1.80159914E-04
        1368   1.79965500E-04
        1369   1.79440554E-04
        1370   1.79403360E-04
        1371   1.79321883E-04
        1372   1.79095383E-04
        1373   1.78759321E-04
        1374   1.78517847E-04
        1375   1.78345217E-04
        1376   1.78298302E-04
        1377   1.77865601E-04
        1378   1.77597263E-04
        1379   1.77400463E-04
        1380   1.77238690E-04
        1381   1.76984060E-04
        1382   1.76913847E-04
        1383   1.76499132E-04
        1384   1.76381262E-04
        1385   1.76099449E-04
        1386   1.75929803E-04
        1387   1.75669920E-04
        1388   1.75400244E-04
        1389   1.75368201E-04
        1390   1.75004316E-04
        1391   1.74774410E-04
        1392   1.74635832E-04
        1393   1.74303248E-04
        1394   1.74068031E-04
        1395   1.74017579E-04
        1396   1.73732420E-04
        1397   1.73374807E-04
        1398   1.73407461E-04
        1399   1.73006367E-04
        1400   1.72574786E-04
        1401   1.72521351E-04
        1402   1.72424508E-04
        1403   1.72195432E-04
        1404   1.71959415E-04
        1405   1.71915206E-04
        1406   1.71615262E-04
        1407   1.71441890E-04
        1408   1.71159423E-04
        1409   1.71005187E-04
        1410   1.70713538E-04
        1411   1.70445433E-04
        1412   1.70347834E-04
        1413   1.70166692E-04
        1414   1.69910432E-04
        1415   1.69699444E-04
        1416   1.69620471E-04
        1417   1.69284918E-04
        1418   1.69239414E-04
        1419   1.69089239E-04
        1420   1.68622690E-04
        1421   1.68607759E-04
        1422   1.68327140E-04
        1423   1.68220417E-04
        1424   1.68013736E-04
        1425   1.67743347E-04
        1426   1.67416976E-04
        1427   1.67343285E-04
        1428   1.67039500E-04
        1429   1.66928527E-04
        1430   1.66724902E-04
        1431   1.66592959E-04
        1432   1.66366692E-04
        1433   1.66061334E-04
        1434   1.65969439E-04
        1435   1.65485675E-04
        1436   1.65547084E-04
        1437   1.65351987E-04
        1438   1.65037563E-04
        1439   1.64953992E-04
        1440   1.64657962E-04
        1441   1.64242345E-04
        1442   1.64247394E-04
        1443   1.64154088E-04
        1444   1.63971024E-04
        1445   1.63726188E-04
        1446   1.63512770E-04
        1447   1.63431585E-04
        1448   1.63165343E-04
        1449   1.62923665E-04
        1450   1.62772412E-04
        1451   1.62599768E-04
        1452   1.62510740E-04
        1453   1.62183802E-04
        1454   1.62017765E-04
        1455   1.61986609E-04
        1456   1.61731208E-04
        1457   1.61818214E-04
        1458   1.61572068E-04
        1459   1.61189586E-04
        1460   1.60866271E-04
        1461   1.60711730E-04
        1462   1.60527998E-04
        1463   1.60194802E-04
        1464   1.60046664E-04
        1465   1.59963296E-04
        1466   1.59792311E-04
        1467   1.59520961E-04
        1468   1.59351926E-04
        1469   1.59174553E-04
        1470   1.59055387E-04
        1471   1.58905910E-04
        1472   1.58691997E-04
        1473   1.58577212E-04
        1474   1.58351191E-04
        1475   1.58033043E-04
        1476   1.57963441E-04
        1477   1.57609247E-04
        1478   1.57565533E-04
        1479   1.57253249E-04
        1480   1.57061397E-04
        1481   1.56806942E-04
        1482   1.56814029E-04
        1483   1.56609996E-04
        1484   1.56388924E-04
        1485   1.56305890E-04
        1486   1.55984832E-04
        1487   1.55822578E-04
        1488   1.55668953E-04
        1489   1.55637201E-04
        1490   1.55282745E-04
        1491   1.55066329E-04
        1492   1.55065674E-04
        1493   1.54813912E-04
        1494   1.54639842E-04
        1495   1.54544017E-04
        1496   1.54286841E-04
        1497   1.54215028E-04
        1498   1.54009496E-04
        1499   1.53911678E-04
        1500   1.53605171E-04
        1501   1.53397690E-04
        1502   1.53314832E-04
        1503   1.53090514E-04
        1504   1.52973924E-04
        1505   1.52729539E-04
        1506   1.52668668E-04
        1507   1.52434528E-04
        1508   1.52153603E-04
        1509   1.51973494E-04
        1510   1.51953063E-04
        1511   1.51713321E-04
        1512   1.51589018E-04
        1513   1.51368688E-04
        1514   1.51294196E-04
        1515   1.50918248E-04
        1516   1.50748863E-04
        1517   1.50820866E-04
        1518   1.50521912E-04
        1519   1.50459440E-04
        1520   1.50121414E-04
        1521   1.49911182E-04
        1522   1.49748754E-04
        1523   1.49868531E-04
        1524   1.49708198E-04
        1525   1.49415820E-04
        1526   1.49262880E-04
        1527   1.49124171E-04
        1528   1.48996565E-04
        1529   1.48637191E-04
        1530   1.48486535E-04
        1531   1.48498482E-04
        1532   1.48534775E-04
        1533   1.48274921E-04
        1534   1.47828090E-04
        1535   1.47789629E-04
        1536   1.47637664E-04
        1537   1.47419109E-04
        1538   1.47443643E-04
        1539   1.47258077E-04
        1540   1.47115119E-04
        1541   1.46777020E-04
        1542   1.46743012E-04
        1543   1.46574108E-04
        1544   1.46362319E-04
        1545   1.46289312E-04
        1546   1.46108723E-04
        1547   1.45957296E-04
        1548   1.45929604E-04
        1549   1.45558792E-04
        1550   1.45531856E-04
        1551   1.45401224E-04
        1552   1.45254031E-04
        1553   1.44983525E-04
        1554   1.44786391E-04
        1555   1.44729434E-04
        1556   1.44370060E-04
        1557   1.44286343E-04
        1558   1.44138292E-04
        1559   1.44154925E-04
        1560   1.43942772E-04
        1561   1.43684025E-04
        1562   1.43456055E-04
        1563   1.43434037E-04
        1564   1.43214507E-04
        1565   1.43147525E-04
        1566   1.42888035E-04
        1567   1.42881763E-04
        1568   1.42665871E-04
        1569   1.42422403E-04
        1570   1.42382050E-04
        1571   1.42173783E-04
        1572   1.42076504E-04
        1573   1.41918717E-04
        1574   1.41683573E-04
        1575   1.41526471E-04
        1576   1.41606375E-04
        1577   1.41378783E-04
        1578   1.41091019E-04
        1579   1.40931676E-04
        1580   1.40900491E-04
        1581   1.40735356E-04
        1582   1.40511620E-04
        1583   1.40532575E-04
        1584   1.40410149E-04
        1585   1.40184973E-04
        1586   1.39996948E-04
        1587   1.39919532E-04
        1588   1.39784985E-04
        1589   1.39493524E-04
        1590   1.39539974E-04
        1591   1.39386975E-04
        1592   1.39223572E-04
        1593   1.39026874E-04
        1594   1.38948148E-04
        1595   1.38759904E-04
        1596   1.38740870E-04
        1597   1.38480551E-04
        1598   1.38385018E-04
        1599   1.38090778E-04
        1600   1.38345800E-04
        1601   1.37908370E-04
        1602   1.37884883E-04
        1603   1.37594150E-04
        1604   1.37631345E-04
        1605   1.37471288E-04
        1606   1.37269832E-04
        1607   1.37297451E-04
        1608   1.36903196E-04
        1609   1.36897070E-04
        1610   1.36588656E-04
        1611   1.36560615E-04
        1612   1.36318660E-04
        1613   1.36169008E-04
        1614   1.36244169E-04
        1615   1.36116476E-04
        1616   1.36052331E-04
        1617   1.35736336E-04
        1618   1.35532071E-04
        1619   1.35509734E-04
        1620   1.35438808E-04
        1621   1.35258801E-04
        1622   1.35154478E-04
        1623   1.34853908E-04
        1624   1.34802103E-04
        1625   1.34561385E-04
        1626   1.34623871E-04
        1627   1.34364847E-04
        1628   1.34227041E-04
        1629   1.34126996E-04
        1630   1.33747657E-04
        1631   1.33758556E-04
        1632   1.33598063E-04
        1633   1.33580354E-04
        1634   1.33472640E-04
        1635   1.33315771E-04
        1636   1.33258975E-04
        1637   1.33269437E-04
        1638   1.32867513E-04
        1639   1.32916161E-04
        1640   1.32803223E-04
        1641   1.32678993E-04
        1642   1.32472822E-04
        1643   1.32308240E-04
        1644   1.32189583E-04
        1645   1.32270987E-04
        1646   1.31843291E-04
        1647   1.31591849E-04
        1648   1.31395951E-04
        1649   1.31501292E-04
        1650   1.31431341E-04
        1651   1.31312714E-04
        1652   1.31041350E-04
        1653   1.31100038E-04
        1654   1.30860717E-04
        1655   1.30675529E-04
        1656   1.30512301E-04
        1657   1.30493747E-04
        1658   1.30392771E-04
        1659   1.30159708E-04
        1660   1.30072833E-04
        1661   1.29949171E-04
        1662   1.29781809E-04
        1663   1.29853725E-04
        1664   1.29720109E-04
        1665   1.29527558E-04
        1666   1.29252163E-04
        1667   1.29323191E-04
        1668   1.29170585E-04
        1669   1.28984466E-04
        1670   1.28876258E-04
        1671   1.28874366E-04
        1672   1.28739863E-04
        1673   1.28550309E-04
        1674   1.28429499E-04
        1675   1.28310741E-04
        1676   1.28044412E-04
        1677   1.27878899E-04
        1678   1.27852720E-04
        1679   1.27752981E-04
        1680   1.27738749E-04
        1681   1.27527310E-04
        1682   1.27584426E-04
        1683   1.27453837E-04
        1684   1.27275402E-04
        1685   1.27220672E-04
        1686   1.26883329E-04
        1687   1.26945684E-04
        1688   1.26626546E-04
        1689   1.26659288E-04
        1690   1.26573679E-04
        1691   1.26607949E-04
        1692   1.26362371E-04
        1693   1.26323939E-04
        1694   1.26041021E-04
        1695   1.25975072E-04
        1696   1.25827137E-04
        1697   1.25675244E-04
        1698   1.25735794E-04
        1699   1.25402483E-04
        1700   1.25530671E-04
        1701   1.25249891E-04
        1702   1.24929109E-04
        1703   1.25102597E-04
        1704   1.24982005E-04
        1705   1.24657643E-04
        1706   1.24507656E-04
        1707   1.24554645E-04
        1708   1.24577928E-04
        1709   1.24423299E-04
        1710   1.24212835E-04
        1711   1.24075406E-04
        1712   1.23926424E-04
        1713   1.23855061E-04
        1714   1.23752849E-04
        1715   1.23432328E-04
        1716   1.23512931E-04
        1717   1.23477628E-04
        1718   1.23513048E-04
        1719   1.23262987E-04
        1720   1.23177728E-04
        1721   1.22855505E-04
        1722   1.22871541E-04
        1723   1.22565136E-04
        1724   1.22614059E-04
        1725   1.22543002E-04
        1726   1.22493570E-04
        1727   1.22438461E-04
        1728   1.22289071E-04
        1729   1.22126788E-04
        1730   1.22007521E-04
        1731   1.21764679E-04
        1732   1.21680619E-04
        1733   1.21604062E-04
        1734   1.21501987E-04
        1735   1.21505378E-04
        1736   1.21349352E-04
        1737   1.21136101E-04
        1738   1.21014426E-04
        1739   1.20852652E-04
        1740   1.20898396E-04
        1741   1.20935169E-04
        1742   1.20658740E-04
        1743   1.20560922E-04
        1744   1.20163793E-04
        1745   1.20189579E-04
        1746   1.20382254E-04
        1747   1.20247139E-04
        1748   1.20148579E-04
        1749   1.20024102E-04
        1750   1.19986122E-04
        1751   1.19779375E-04
        1752   1.19681354E-04
        1753   1.19487129E-04
        1754   1.19284072E-04
        1755   1.19312979E-04
        1756   1.19191398E-04
        1757   1.19094373E-04
        1758   1.18905431E-04
        1759   1.18966702E-04
        1760   1.18858487E-04
        1761   1.18668999E-04
        1762   1.18635973E-04
        1763   1.18720738E-04
        1764   1.18424119E-04
        1765   1.18294913E-04
        1766   1.18265569E-04
        1767   1.18168828E-04
        1768   1.17908028E-04
        1769   1.17903663E-04
        1770   1.17869051E-04
        1771   1.17645352E-04
        1772   1.17619034E-04
        1773   1.17416625E-04
        1774   1.17561125E-04
        1775   1.17330645E-04
        1776   1.17333737E-04
        1777   1.17315314E-04
        1778   1.17109703E-04
        1779   1.17000251E-04
        1780   1.16779287E-04
        1781   1.16686992E-04
        1782   1.16509982E-04
        1783   1.16566356E-04
        1784   1.16294155E-04
        1785   1.16329989E-04
        1786   1.16155388E-04
        1787   1.16061055E-04
        1788   1.15943032E-04
        1789   1.15777264E-04
        1790   1.15775183E-04
        1791   1.15637020E-04
        1792   1.15569324E-04
        1793   1.15355229E-04
        1794   1.15216593E-04
        1795   1.15223818E-04
        1796   1.15029237E-04
        1797   1.14967130E-04
        1798   1.14929935E-04
        1799   1.14967297E-04
        1800   1.14856055E-04
        1801   1.14773524E-04
        1802   1.14616872E-04
        1803   1.14482093E-04
        1804   1.14509698E-04
        1805   1.14312308E-04
        1806   1.14209455E-04
        1807   1.14140406E-04
        1808   1.14008617E-04
        1809   1.14020426E-04
        1810   1.13762100E-04
        1811   1.13679846E-04
        1812   1.13661525E-04
        1813   1.13695016E-04
        1814   1.13474314E-04
        1815   1.13485417E-04
        1816   1.13323193E-04
        1817   1.13304457E-04
        1818   1.13223563E-04
        1819   1.13181806E-04
        1820   1.12867987E-04
        1821   1.12831178E-04
        1822   1.12686030E-04
        1823   1.12668487E-04
        1824   1.12696187E-04
        1825   1.12498819E-04
        1826   1.12410140E-04
        1827   1.12250651E-04
        1828   1.12262896E-04
        1829   1.12177106E-04
        1830   1.11955138E-04
        1831   1.11986061E-04
        1832   1.11731744E-04
        1833   1.11742258E-04
        1834   1.11782538E-04
        1835   1.11564768E-04
        1836   1.11490961E-04
        1837   1.11229667E-04
        1838   1.11078756E-04
        1839   1.11073248E-04
        1840   1.10991336E-04
        1841   1.10940142E-04
        1842   1.10995039E-04
        1843   1.10995221E-04
        1844   1.10909888E-04
        1845   1.10726134E-04
        1846   1.10537003E-04
        1847   1.10565023E-04
        1848   1.10470814E-04
        1849   1.10267603E-04
        1850   1.10194560E-04
        1851   1.10130772E-04
        1852   1.09906177E-04
        1853   1.09933637E-04
        1854   1.09838744E-04
        1855   1.09810579E-04
        1856   1.09699722E-04
        1857   1.09515408E-04
        1858   1.09546636E-04
        1859   1.09587352E-04
        1860   1.09435670E-04
        1861   1.09319182E-04
        1862   1.09522167E-04
        1863   1.09231398E-04
        1864   1.09156819E-04
        1865   1.08918219E-04
        1866   1.08980596E-04
        1867   1.08636028E-04
        1868   1.08785585E-04
        1869   1.08687818E-04
        1870   1.08680157E-04
        1871   1.08517546E-04
        1872   1.08377339E-04
        1873   1.08361077E-04
        1874   1.08330671E-04
        1875   1.08160646E-04
        1876   1.08005341E-04
        1877   1.07941283E-04
        1878   1.07918859E-04
        1879   1.07670028E-04
        1880   1.07708060E-04
        1881   1.07531399E-04
        1882   1.07349617E-04
        1883   1.07301617E-04
        1884   1.07295738E-04
        1885   1.07296502E-04
        1886   1.07033280E-04
        1887   1.06954110E-04
        1888   1.06807602E-04
        1889   1.06846266E-04
        1890   1.06735111E-04
        1891   1.06680156E-04
        1892   1.06591040E-04
        1893   1.06517844E-04
        1894   1.06382060E-04
        1895   1.06380307E-04
        1896   1.06234904E-04
        1897   1.06126950E-04
        1898   1.05869083E-04
        1899   1.05996965E-04
        1900   1.05851381E-04
        1901   1.05781117E-04
        1902   1.05720792E-04
        1903   1.05743355E-04
        1904   1.05528379E-04
        1905   1.05625128E-04
        1906   1.05189589E-04
        1907   1.05111787E-04
        1908   1.05233354E-04
        1909   1.04981249E-04
        1910   1.04837447E-04
        1911   1.04978230E-04
        1912   1.04996136E-04
        1913   1.04897554E-04
        1914   1.04703278E-04
        1915   1.04594044E-04
        1916   1.04656348E-04
        1917   1.04454615E-04
        1918   1.04267427E-04
        1919   1.04335064E-04
        1920   1.04091603E-04
        1921   1.04047860E-04
        1922   1.04161336E-04
        1923   1.04109393E-04
        1924   1.04001621E-04
        1925   1.03843515E-04
        1926   1.03941144E-04
        1927   1.03767023E-04
        1928   1.03667262E-04
        1929   1.03717750E-04
        1930   1.03304206E-04
        1931   1.03357015E-04
        1932   1.03361948E-04
        1933   1.03154809E-04
        1934   1.03086437E-04
        1935   1.03095095E-04
        1936   1.03007907E-04
        1937   1.02889368E-04
        1938   1.02890619E-04
        1939   1.02813232E-04
        1940   1.02678554E-04
        1941   1.02651080E-04
        1942   1.02569531E-04
        1943   1.02407859E-04
        1944   1.02432015E-04
        1945   1.02342725E-04
        1946   1.02150814E-04
        1947   1.02227459E-04
        1948   1.02060629E-04
        1949   1.01905091E-04
        1950   1.01974249E-04
        1951   1.01721409E-04
        1952   1.01721183E-04
        1953   1.01549631E-04
        1954   1.01583035E-04
        1955   1.01354606E-04
        1956   1.01313846E-04
        1957   1.01117395E-04
        1958   1.01234356E-04
        1959   1.01163219E-04
        1960   1.01113284E-04
        1961   1.00900019E-04
        1962   1.00841702E-04
        1963   1.00904057E-04
        1964   1.00910635E-04
        1965   1.00862635E-04
        1966   1.00958518E-04
        1967   1.00665020E-04
        1968   1.00581994E-04
        1969   1.00498612E-04
        1970   1.00482670E-04
        1971   1.00288795E-04
        1972   1.00200123E-04
        1973   1.00033474E-04
        1974   1.00108286E-04
        1975   1.00038611E-04
        1976   1.00086188E-04
        1977   1.00008656E-04
        1978   9.99325857E-05
        1979   9.97782336E-05
        1980   9.97298557E-05
        1981   9.97717434E-05
        1982   9.95238515E-05
        1983   9.95617302E-05
        1984   9.94758229E-05
        1985   9.92822170E-05
        1986   9.91767301E-05
        1987   9.92397618E-05
        1988   9.91415727E-05
        1989   9.89784021E-05
        1990   9.90467961E-05
        1991   9.90479530E-05
        1992   9.87996900E-05
        1993   9.89218024E-05
        1994   9.88443498E-05
        1995   9.86198356E-05
        1996   9.87226958E-05
        1997   9.86631421E-05
        1998   9.84761209E-05
        1999   9.83751306E-05
