 nx =           64  ny =           64  Solver = Gauss Seidel
 Iteration        Residual
           0   62.5748177    
           1   22.2523155    
           2   9.21692753    
           3   4.73048687    
           4   2.89730906    
           5   2.02603531    
           6   1.53077722    
           7   1.20863903    
           8  0.985345900    
           9  0.823564470    
          10  0.701171398    
          11  0.604621887    
          12  0.527409554    
          13  0.464904428    
          14  0.414040506    
          15  0.371949226    
          16  0.336493850    
          17  0.306250751    
          18  0.280224055    
          19  0.257590145    
          20  0.237772658    
          21  0.220445305    
          22  0.205220833    
          23  0.191711307    
          24  0.179676607    
          25  0.168944076    
          26  0.159263998    
          27  0.150510982    
          28  0.142563999    
          29  0.135291785    
          30  0.128620341    
          31  0.122462571    
          32  0.116758950    
          33  0.111473970    
          34  0.106558226    
          35  0.101970285    
          36   9.76777077E-02
          37   9.36556980E-02
          38   8.98824558E-02
          39   8.63424391E-02
          40   8.30149427E-02
          41   7.98797309E-02
          42   7.69179091E-02
          43   7.41305128E-02
          44   7.15007409E-02
          45   6.90190569E-02
          46   6.66685626E-02
          47   6.44344762E-02
          48   6.23122714E-02
          49   6.02946877E-02
          50   5.83786033E-02
          51   5.65512069E-02
          52   5.48058301E-02
          53   5.31368442E-02
          54   5.15417419E-02
          55   5.00185117E-02
          56   4.85626981E-02
          57   4.71683890E-02
          58   4.58323769E-02
          59   4.45514619E-02
          60   4.33257595E-02
          61   4.21485268E-02
          62   4.10171784E-02
          63   3.99295092E-02
          64   3.88855673E-02
          65   3.78833748E-02
          66   3.69223393E-02
          67   3.59979607E-02
          68   3.51091251E-02
          69   3.42558660E-02
          70   3.34357098E-02
          71   3.26455161E-02
          72   3.18835117E-02
          73   3.11526656E-02
          74   3.04495580E-02
          75   2.97733359E-02
          76   2.91219335E-02
          77   2.84944288E-02
          78   2.78908629E-02
          79   2.73097232E-02
          80   2.67492849E-02
          81   2.62090117E-02
          82   2.56872606E-02
          83   2.51844600E-02
          84   2.46997327E-02
          85   2.42313333E-02
          86   2.37777773E-02
          87   2.33387817E-02
          88   2.29137391E-02
          89   2.25017071E-02
          90   2.21020393E-02
          91   2.17152368E-02
          92   2.13407949E-02
          93   2.09783781E-02
          94   2.06268132E-02
          95   2.02860087E-02
          96   1.99550297E-02
          97   1.96338538E-02
          98   1.93217918E-02
          99   1.90187078E-02
         100   1.87243260E-02
         101   1.84380859E-02
         102   1.81600861E-02
         103   1.78899970E-02
         104   1.76275671E-02
         105   1.73721798E-02
         106   1.71238296E-02
         107   1.68810543E-02
         108   1.66445058E-02
         109   1.64138377E-02
         110   1.61882509E-02
         111   1.59681644E-02
         112   1.57535914E-02
         113   1.55441212E-02
         114   1.53397638E-02
         115   1.51399067E-02
         116   1.49446232E-02
         117   1.47537217E-02
         118   1.45668713E-02
         119   1.43840862E-02
         120   1.42053617E-02
         121   1.40306810E-02
         122   1.38596138E-02
         123   1.36919580E-02
         124   1.35276392E-02
         125   1.33661237E-02
         126   1.32077551E-02
         127   1.30524877E-02
         128   1.29000377E-02
         129   1.27504021E-02
         130   1.26031432E-02
         131   1.24584101E-02
         132   1.23159979E-02
         133   1.21759791E-02
         134   1.20381173E-02
         135   1.19023751E-02
         136   1.17688896E-02
         137   1.16378125E-02
         138   1.15087247E-02
         139   1.13815302E-02
         140   1.12563586E-02
         141   1.11330468E-02
         142   1.10116275E-02
         143   1.08920597E-02
         144   1.07745854E-02
         145   1.06589934E-02
         146   1.05450405E-02
         147   1.04327463E-02
         148   1.03220344E-02
         149   1.02129346E-02
         150   1.01053929E-02
         151   9.99942236E-03
         152   9.89496987E-03
         153   9.79210343E-03
         154   9.69066378E-03
         155   9.59070679E-03
         156   9.49214306E-03
         157   9.39488411E-03
         158   9.29888804E-03
         159   9.20422189E-03
         160   9.11082234E-03
         161   9.01865121E-03
         162   8.92766006E-03
         163   8.83792154E-03
         164   8.74936674E-03
         165   8.66196863E-03
         166   8.57580360E-03
         167   8.49075895E-03
         168   8.40687566E-03
         169   8.32398981E-03
         170   8.24234076E-03
         171   8.16170499E-03
         172   8.08210019E-03
         173   8.00340623E-03
         174   7.92574696E-03
         175   7.84911681E-03
         176   7.77339982E-03
         177   7.69865187E-03
         178   7.62483431E-03
         179   7.55193224E-03
         180   7.47990282E-03
         181   7.40873395E-03
         182   7.33844005E-03
         183   7.26908864E-03
         184   7.20058149E-03
         185   7.13289250E-03
         186   7.06602028E-03
         187   6.99991966E-03
         188   6.93467818E-03
         189   6.87020179E-03
         190   6.80656778E-03
         191   6.74367743E-03
         192   6.68156333E-03
         193   6.62011188E-03
         194   6.55937241E-03
         195   6.49937801E-03
         196   6.44012820E-03
         197   6.38161832E-03
         198   6.32374175E-03
         199   6.26657205E-03
         200   6.21005706E-03
         201   6.15420891E-03
         202   6.09901454E-03
         203   6.04441576E-03
         204   5.99053781E-03
         205   5.93722239E-03
         206   5.88458776E-03
         207   5.83258411E-03
         208   5.78112714E-03
         209   5.73023921E-03
         210   5.67992684E-03
         211   5.63023519E-03
         212   5.58111025E-03
         213   5.53256273E-03
         214   5.48455445E-03
         215   5.43714687E-03
         216   5.39022824E-03
         217   5.34389215E-03
         218   5.29806688E-03
         219   5.25272638E-03
         220   5.20789856E-03
         221   5.16358949E-03
         222   5.11980057E-03
         223   5.07649081E-03
         224   5.03368489E-03
         225   4.99136606E-03
         226   4.94952407E-03
         227   4.90815053E-03
         228   4.86722263E-03
         229   4.82676039E-03
         230   4.78672376E-03
         231   4.74713929E-03
         232   4.70801629E-03
         233   4.66933846E-03
         234   4.63109650E-03
         235   4.59327735E-03
         236   4.55593225E-03
         237   4.51896852E-03
         238   4.48244717E-03
         239   4.44628019E-03
         240   4.41052532E-03
         241   4.37514391E-03
         242   4.34019510E-03
         243   4.30559553E-03
         244   4.27137828E-03
         245   4.23757639E-03
         246   4.20411211E-03
         247   4.17105947E-03
         248   4.13832488E-03
         249   4.10597073E-03
         250   4.07402357E-03
         251   4.04236326E-03
         252   4.01106942E-03
         253   3.98012064E-03
         254   3.94952064E-03
         255   3.91925825E-03
         256   3.88935022E-03
         257   3.85972718E-03
         258   3.83045035E-03
         259   3.80148645E-03
         260   3.77287599E-03
         261   3.74458730E-03
         262   3.71658104E-03
         263   3.68888886E-03
         264   3.66149144E-03
         265   3.63442511E-03
         266   3.60768312E-03
         267   3.58122773E-03
         268   3.55506479E-03
         269   3.52920126E-03
         270   3.50358384E-03
         271   3.47826630E-03
         272   3.45318625E-03
         273   3.42842680E-03
         274   3.40389903E-03
         275   3.37973936E-03
         276   3.35584302E-03
         277   3.33217066E-03
         278   3.30873625E-03
         279   3.28558730E-03
         280   3.26268398E-03
         281   3.24001350E-03
         282   3.21757211E-03
         283   3.19538405E-03
         284   3.17348423E-03
         285   3.15179792E-03
         286   3.13036423E-03
         287   3.10918503E-03
         288   3.08823632E-03
         289   3.06752161E-03
         290   3.04701924E-03
         291   3.02674761E-03
         292   3.00667947E-03
         293   2.98677757E-03
         294   2.96712900E-03
         295   2.94771534E-03
         296   2.92849145E-03
         297   2.90950877E-03
         298   2.89074495E-03
         299   2.87218834E-03
         300   2.85385433E-03
         301   2.83566420E-03
         302   2.81771133E-03
         303   2.79996335E-03
         304   2.78240116E-03
         305   2.76501640E-03
         306   2.74781254E-03
         307   2.73078540E-03
         308   2.71394919E-03
         309   2.69729458E-03
         310   2.68085371E-03
         311   2.66464101E-03
         312   2.64853518E-03
         313   2.63263658E-03
         314   2.61690817E-03
         315   2.60137836E-03
         316   2.58595729E-03
         317   2.57071597E-03
         318   2.55563739E-03
         319   2.54071993E-03
         320   2.52592564E-03
         321   2.51138350E-03
         322   2.49696127E-03
         323   2.48272996E-03
         324   2.46866303E-03
         325   2.45472346E-03
         326   2.44094688E-03
         327   2.42727832E-03
         328   2.41379766E-03
         329   2.40042619E-03
         330   2.38721189E-03
         331   2.37415568E-03
         332   2.36122846E-03
         333   2.34845211E-03
         334   2.33584759E-03
         335   2.32338766E-03
         336   2.31105508E-03
         337   2.29885755E-03
         338   2.28678086E-03
         339   2.27483036E-03
         340   2.26301118E-03
         341   2.25130888E-03
         342   2.23972439E-03
         343   2.22829171E-03
         344   2.21698615E-03
         345   2.20581866E-03
         346   2.19476712E-03
         347   2.18387530E-03
         348   2.17306777E-03
         349   2.16236524E-03
         350   2.15180102E-03
         351   2.14134529E-03
         352   2.13099387E-03
         353   2.12074770E-03
         354   2.11063679E-03
         355   2.10063113E-03
         356   2.09076772E-03
         357   2.08098767E-03
         358   2.07133754E-03
         359   2.06176727E-03
         360   2.05232226E-03
         361   2.04298249E-03
         362   2.03371421E-03
         363   2.02457234E-03
         364   2.01552198E-03
         365   2.00660666E-03
         366   1.99779356E-03
         367   1.98906800E-03
         368   1.98043697E-03
         369   1.97190768E-03
         370   1.96344685E-03
         371   1.95510057E-03
         372   1.94683659E-03
         373   1.93868112E-03
         374   1.93061016E-03
         375   1.92265352E-03
         376   1.91473879E-03
         377   1.90694234E-03
         378   1.89924694E-03
         379   1.89162430E-03
         380   1.88408466E-03
         381   1.87665666E-03
         382   1.86929316E-03
         383   1.86199101E-03
         384   1.85479387E-03
         385   1.84770685E-03
         386   1.84062950E-03
         387   1.83371210E-03
         388   1.82684639E-03
         389   1.82005123E-03
         390   1.81334198E-03
         391   1.80670875E-03
         392   1.80013583E-03
         393   1.79365603E-03
         394   1.78725366E-03
         395   1.78092404E-03
         396   1.77468918E-03
         397   1.76850392E-03
         398   1.76237174E-03
         399   1.75630639E-03
         400   1.75031484E-03
         401   1.74442679E-03
         402   1.73856935E-03
         403   1.73277513E-03
         404   1.72707310E-03
         405   1.72143336E-03
         406   1.71585439E-03
         407   1.71033316E-03
         408   1.70490437E-03
         409   1.69953576E-03
         410   1.69420103E-03
         411   1.68892578E-03
         412   1.68374809E-03
         413   1.67856377E-03
         414   1.67345477E-03
         415   1.66843971E-03
         416   1.66345714E-03
         417   1.65853731E-03
         418   1.65367534E-03
         419   1.64884282E-03
         420   1.64405687E-03
         421   1.63932156E-03
         422   1.63466437E-03
         423   1.63003756E-03
         424   1.62544253E-03
         425   1.62091420E-03
         426   1.61640963E-03
         427   1.61194988E-03
         428   1.60752458E-03
         429   1.60312874E-03
         430   1.59877632E-03
         431   1.59442984E-03
         432   1.59014214E-03
         433   1.58588379E-03
         434   1.58165023E-03
         435   1.57745474E-03
         436   1.57325168E-03
         437   1.56911090E-03
         438   1.56494556E-03
         439   1.56085414E-03
         440   1.55677996E-03
         441   1.55269739E-03
         442   1.54865207E-03
         443   1.54461700E-03
         444   1.54060323E-03
         445   1.53658877E-03
         446   1.53260434E-03
         447   1.52863725E-03
         448   1.52465736E-03
         449   1.52072113E-03
         450   1.51678454E-03
         451   1.51285320E-03
         452   1.50890904E-03
         453   1.50503370E-03
         454   1.50114216E-03
         455   1.49724644E-03
         456   1.49340893E-03
         457   1.48955453E-03
         458   1.48572295E-03
         459   1.48189149E-03
         460   1.47806818E-03
         461   1.47426687E-03
         462   1.47044682E-03
         463   1.46668509E-03
         464   1.46292429E-03
         465   1.45915325E-03
         466   1.45540957E-03
         467   1.45169685E-03
         468   1.44796702E-03
         469   1.44425640E-03
         470   1.44057337E-03
         471   1.43688580E-03
         472   1.43321743E-03
         473   1.42952171E-03
         474   1.42589863E-03
         475   1.42225227E-03
         476   1.41861464E-03
         477   1.41498877E-03
         478   1.41137931E-03
         479   1.40777661E-03
         480   1.40421605E-03
         481   1.40062801E-03
         482   1.39704789E-03
         483   1.39352155E-03
         484   1.38995633E-03
         485   1.38642406E-03
         486   1.38290890E-03
         487   1.37939409E-03
         488   1.37587870E-03
         489   1.37241685E-03
         490   1.36892777E-03
         491   1.36544509E-03
         492   1.36197731E-03
         493   1.35854632E-03
         494   1.35511684E-03
         495   1.35167420E-03
         496   1.34824403E-03
         497   1.34482246E-03
         498   1.34143967E-03
         499   1.33805629E-03
         500   1.33469282E-03
         501   1.33130653E-03
         502   1.32795773E-03
         503   1.32459810E-03
         504   1.32126501E-03
         505   1.31792144E-03
         506   1.31461932E-03
         507   1.31131802E-03
         508   1.30799855E-03
         509   1.30471610E-03
         510   1.30143994E-03
         511   1.29815133E-03
         512   1.29488809E-03
         513   1.29164220E-03
         514   1.28839421E-03
         515   1.28515589E-03
         516   1.28194678E-03
         517   1.27871626E-03
         518   1.27550052E-03
         519   1.27229514E-03
         520   1.26911781E-03
         521   1.26595411E-03
         522   1.26276747E-03
         523   1.25962181E-03
         524   1.25648046E-03
         525   1.25332270E-03
         526   1.25018263E-03
         527   1.24706072E-03
         528   1.24393683E-03
         529   1.24084845E-03
         530   1.23772409E-03
         531   1.23466575E-03
         532   1.23155909E-03
         533   1.22848758E-03
         534   1.22541480E-03
         535   1.22237450E-03
         536   1.21933187E-03
         537   1.21628412E-03
         538   1.21323101E-03
         539   1.21024391E-03
         540   1.20721722E-03
         541   1.20420381E-03
         542   1.20121054E-03
         543   1.19823765E-03
         544   1.19523914E-03
         545   1.19227637E-03
         546   1.18930801E-03
         547   1.18635874E-03
         548   1.18342170E-03
         549   1.18047476E-03
         550   1.17754575E-03
         551   1.17459905E-03
         552   1.17169553E-03
         553   1.16877572E-03
         554   1.16588955E-03
         555   1.16300257E-03
         556   1.16010464E-03
         557   1.15723349E-03
         558   1.15437864E-03
         559   1.15151866E-03
         560   1.14865624E-03
         561   1.14580302E-03
         562   1.14297518E-03
         563   1.14015222E-03
         564   1.13734778E-03
         565   1.13451411E-03
         566   1.13171502E-03
         567   1.12890650E-03
         568   1.12612336E-03
         569   1.12333870E-03
         570   1.12053531E-03
         571   1.11779326E-03
         572   1.11501757E-03
         573   1.11228111E-03
         574   1.10951765E-03
         575   1.10679585E-03
         576   1.10406510E-03
         577   1.10133772E-03
         578   1.09863491E-03
         579   1.09590066E-03
         580   1.09320984E-03
         581   1.09050190E-03
         582   1.08783657E-03
         583   1.08516403E-03
         584   1.08246668E-03
         585   1.07981148E-03
         586   1.07715954E-03
         587   1.07449200E-03
         588   1.07185286E-03
         589   1.06919347E-03
         590   1.06657750E-03
         591   1.06394431E-03
         592   1.06131565E-03
         593   1.05870841E-03
         594   1.05611340E-03
         595   1.05350197E-03
         596   1.05092477E-03
         597   1.04832626E-03
         598   1.04574254E-03
         599   1.04318128E-03
         600   1.04062329E-03
         601   1.03807938E-03
         602   1.03553769E-03
         603   1.03299145E-03
         604   1.03043823E-03
         605   1.02791167E-03
         606   1.02539710E-03
         607   1.02287601E-03
         608   1.02036668E-03
         609   1.01785932E-03
         610   1.01536640E-03
         611   1.01288222E-03
         612   1.01041805E-03
         613   1.00792595E-03
         614   1.00544794E-03
         615   1.00295676E-03
         616   1.00053428E-03
         617   9.98082454E-04
         618   9.95636336E-04
         619   9.93184629E-04
         620   9.90766915E-04
         621   9.88355605E-04
         622   9.85921710E-04
         623   9.83514939E-04
         624   9.81124933E-04
         625   9.78715834E-04
         626   9.76302777E-04
         627   9.73927730E-04
         628   9.71535803E-04
         629   9.69161571E-04
         630   9.66789899E-04
         631   9.64410545E-04
         632   9.62060469E-04
         633   9.59718949E-04
         634   9.57371143E-04
         635   9.55032883E-04
         636   9.52688628E-04
         637   9.50369576E-04
         638   9.48048430E-04
         639   9.45713546E-04
         640   9.43414809E-04
         641   9.41123348E-04
         642   9.38830664E-04
         643   9.36535769E-04
         644   9.34232143E-04
         645   9.31939518E-04
         646   9.29687929E-04
         647   9.27417481E-04
         648   9.25149652E-04
         649   9.22883395E-04
         650   9.20629478E-04
         651   9.18388600E-04
         652   9.16137535E-04
         653   9.13946657E-04
         654   9.11696523E-04
         655   9.09483933E-04
         656   9.07243753E-04
         657   9.05042689E-04
         658   9.02844185E-04
         659   9.00630606E-04
         660   8.98426748E-04
         661   8.96251702E-04
         662   8.94063909E-04
         663   8.91898177E-04
         664   8.89722025E-04
         665   8.87535745E-04
         666   8.85375193E-04
         667   8.83214467E-04
         668   8.81080632E-04
         669   8.78924911E-04
         670   8.76756618E-04
         671   8.74611607E-04
         672   8.72514793E-04
         673   8.70389515E-04
         674   8.68280302E-04
         675   8.66143790E-04
         676   8.64037662E-04
         677   8.61948007E-04
         678   8.59836990E-04
         679   8.57754319E-04
         680   8.55668099E-04
         681   8.53598467E-04
         682   8.51523946E-04
         683   8.49446747E-04
         684   8.47370946E-04
         685   8.45316041E-04
         686   8.43261252E-04
         687   8.41226080E-04
         688   8.39164364E-04
         689   8.37120344E-04
         690   8.35108454E-04
         691   8.33055819E-04
         692   8.31039448E-04
         693   8.29011668E-04
         694   8.27018579E-04
         695   8.24989169E-04
         696   8.22991191E-04
         697   8.21000838E-04
         698   8.19008215E-04
         699   8.17000691E-04
         700   8.15025065E-04
         701   8.13035003E-04
         702   8.11049424E-04
         703   8.09094170E-04
         704   8.07137054E-04
         705   8.05181509E-04
         706   8.03221657E-04
         707   8.01271934E-04
         708   7.99328613E-04
         709   7.97413639E-04
         710   7.95434520E-04
         711   7.93512154E-04
         712   7.91596714E-04
         713   7.89673766E-04
         714   7.87748548E-04
         715   7.85845972E-04
         716   7.83967145E-04
         717   7.82031624E-04
         718   7.80134345E-04
         719   7.78246962E-04
         720   7.76361499E-04
         721   7.74468877E-04
         722   7.72569561E-04
         723   7.70709827E-04
         724   7.68827740E-04
         725   7.66978133E-04
         726   7.65109551E-04
         727   7.63271993E-04
         728   7.61413947E-04
         729   7.59568356E-04
         730   7.57701753E-04
         731   7.55899993E-04
         732   7.54063949E-04
         733   7.52221618E-04
         734   7.50402338E-04
         735   7.48590042E-04
         736   7.46754464E-04
         737   7.44947116E-04
         738   7.43158802E-04
         739   7.41345517E-04
         740   7.39565061E-04
         741   7.37778959E-04
         742   7.35990354E-04
         743   7.34193891E-04
         744   7.32422457E-04
         745   7.30628613E-04
         746   7.28865562E-04
         747   7.27091450E-04
         748   7.25345686E-04
         749   7.23579724E-04
         750   7.21857767E-04
         751   7.20084470E-04
         752   7.18326890E-04
         753   7.16602139E-04
         754   7.14886759E-04
         755   7.13164976E-04
         756   7.11438013E-04
         757   7.09710061E-04
         758   7.07970175E-04
         759   7.06235296E-04
         760   7.04567996E-04
         761   7.02820776E-04
         762   7.01135956E-04
         763   6.99430762E-04
         764   6.97730458E-04
         765   6.96032366E-04
         766   6.94381713E-04
         767   6.92693633E-04
         768   6.91008347E-04
         769   6.89341279E-04
         770   6.87676540E-04
         771   6.86004874E-04
         772   6.84332161E-04
         773   6.82719867E-04
         774   6.81041973E-04
         775   6.79388293E-04
         776   6.77737815E-04
         777   6.76103402E-04
         778   6.74462237E-04
         779   6.72841910E-04
         780   6.71198999E-04
         781   6.69583387E-04
         782   6.67954620E-04
         783   6.66338252E-04
         784   6.64720719E-04
         785   6.63146027E-04
         786   6.61511323E-04
         787   6.59920101E-04
         788   6.58331031E-04
         789   6.56743650E-04
         790   6.55141950E-04
         791   6.53562951E-04
         792   6.51988725E-04
         793   6.50404254E-04
         794   6.48828049E-04
         795   6.47266512E-04
         796   6.45717373E-04
         797   6.44142739E-04
         798   6.42591622E-04
         799   6.41033519E-04
         800   6.39490318E-04
         801   6.37938967E-04
         802   6.36378885E-04
         803   6.34845055E-04
         804   6.33303775E-04
         805   6.31763716E-04
         806   6.30252878E-04
         807   6.28709851E-04
         808   6.27219910E-04
         809   6.25694578E-04
         810   6.24181761E-04
         811   6.22672727E-04
         812   6.21192041E-04
         813   6.19668222E-04
         814   6.18156628E-04
         815   6.16657839E-04
         816   6.15171739E-04
         817   6.13705604E-04
         818   6.12219039E-04
         819   6.10728748E-04
         820   6.09274488E-04
         821   6.07792637E-04
         822   6.06310088E-04
         823   6.04861765E-04
         824   6.03392546E-04
         825   6.01942476E-04
         826   6.00482104E-04
         827   5.99037856E-04
         828   5.97597391E-04
         829   5.96126774E-04
         830   5.94699755E-04
         831   5.93258883E-04
         832   5.91850199E-04
         833   5.90402982E-04
         834   5.88994648E-04
         835   5.87537361E-04
         836   5.86156850E-04
         837   5.84730122E-04
         838   5.83296933E-04
         839   5.81901346E-04
         840   5.80483989E-04
         841   5.79083629E-04
         842   5.77689265E-04
         843   5.76282095E-04
         844   5.74900128E-04
         845   5.73510595E-04
         846   5.72128163E-04
         847   5.70739852E-04
         848   5.69360156E-04
         849   5.67968120E-04
         850   5.66610135E-04
         851   5.65257098E-04
         852   5.63893060E-04
         853   5.62528148E-04
         854   5.61181747E-04
         855   5.59801934E-04
         856   5.58483414E-04
         857   5.57091145E-04
         858   5.55752253E-04
         859   5.54446655E-04
         860   5.53086866E-04
         861   5.51740406E-04
         862   5.50431432E-04
         863   5.49106393E-04
         864   5.47770935E-04
         865   5.46469935E-04
         866   5.45129646E-04
         867   5.43797738E-04
         868   5.42487309E-04
         869   5.41202375E-04
         870   5.39887289E-04
         871   5.38585882E-04
         872   5.37284883E-04
         873   5.35982661E-04
         874   5.34704537E-04
         875   5.33389975E-04
         876   5.32087230E-04
         877   5.30812948E-04
         878   5.29560377E-04
         879   5.28268109E-04
         880   5.26982418E-04
         881   5.25720126E-04
         882   5.24459407E-04
         883   5.23183669E-04
         884   5.21940005E-04
         885   5.20656700E-04
         886   5.19404130E-04
         887   5.18163142E-04
         888   5.16914472E-04
         889   5.15663822E-04
         890   5.14413055E-04
         891   5.13167761E-04
         892   5.11926424E-04
         893   5.10711165E-04
         894   5.09463367E-04
         895   5.08204685E-04
         896   5.06995304E-04
         897   5.05765725E-04
         898   5.04550349E-04
         899   5.03336778E-04
         900   5.02132287E-04
         901   5.00925526E-04
         902   4.99696645E-04
         903   4.98513225E-04
         904   4.97281610E-04
         905   4.96098073E-04
         906   4.94912849E-04
         907   4.93709289E-04
         908   4.92513354E-04
         909   4.91347048E-04
         910   4.90112521E-04
         911   4.88968100E-04
         912   4.87780519E-04
         913   4.86616133E-04
         914   4.85449564E-04
         915   4.84262855E-04
         916   4.83088108E-04
         917   4.81928291E-04
         918   4.80746763E-04
         919   4.79595707E-04
         920   4.78461065E-04
         921   4.77300549E-04
         922   4.76157758E-04
         923   4.74980450E-04
         924   4.73856140E-04
         925   4.72713087E-04
         926   4.71586856E-04
         927   4.70446917E-04
         928   4.69290244E-04
         929   4.68158833E-04
         930   4.67021426E-04
         931   4.65909572E-04
         932   4.64791636E-04
         933   4.63656354E-04
         934   4.62543918E-04
         935   4.61469928E-04
         936   4.60312964E-04
         937   4.59186529E-04
         938   4.58126102E-04
         939   4.57012735E-04
         940   4.55878355E-04
         941   4.54796507E-04
         942   4.53699788E-04
         943   4.52584034E-04
         944   4.51497879E-04
         945   4.50430671E-04
         946   4.49325104E-04
         947   4.48257168E-04
         948   4.47182916E-04
         949   4.46112681E-04
         950   4.45030717E-04
         951   4.43968602E-04
         952   4.42881894E-04
         953   4.41819342E-04
         954   4.40742268E-04
         955   4.39678406E-04
         956   4.38601390E-04
         957   4.37558425E-04
         958   4.36495320E-04
         959   4.35439200E-04
         960   4.34395799E-04
         961   4.33346693E-04
         962   4.32296423E-04
         963   4.31269815E-04
         964   4.30224405E-04
         965   4.29192878E-04
         966   4.28157568E-04
         967   4.27135528E-04
         968   4.26082785E-04
         969   4.25077917E-04
         970   4.24052123E-04
         971   4.23000194E-04
         972   4.21963719E-04
         973   4.20984288E-04
         974   4.19969554E-04
         975   4.18942596E-04
         976   4.17937932E-04
         977   4.16902651E-04
         978   4.15911141E-04
         979   4.14913084E-04
         980   4.13934496E-04
         981   4.12903377E-04
         982   4.11956484E-04
         983   4.10951907E-04
         984   4.09954810E-04
         985   4.08938533E-04
         986   4.07967134E-04
         987   4.06982232E-04
         988   4.05994680E-04
         989   4.05031373E-04
         990   4.04055521E-04
         991   4.03070415E-04
         992   4.02082049E-04
         993   4.01138503E-04
         994   4.00180230E-04
         995   3.99199314E-04
         996   3.98240169E-04
         997   3.97282070E-04
         998   3.96314746E-04
         999   3.95382231E-04
        1000   3.94388509E-04
        1001   3.93456925E-04
        1002   3.92520422E-04
        1003   3.91578884E-04
        1004   3.90625530E-04
        1005   3.89691559E-04
        1006   3.88738001E-04
        1007   3.87802429E-04
        1008   3.86861939E-04
        1009   3.85945867E-04
        1010   3.85018036E-04
        1011   3.84084764E-04
        1012   3.83166975E-04
        1013   3.82236321E-04
        1014   3.81310820E-04
        1015   3.80409154E-04
        1016   3.79461591E-04
        1017   3.78551573E-04
        1018   3.77620745E-04
        1019   3.76711658E-04
        1020   3.75806034E-04
        1021   3.74907511E-04
        1022   3.74000316E-04
        1023   3.73122428E-04
        1024   3.72248614E-04
        1025   3.71312664E-04
        1026   3.70416907E-04
        1027   3.69537709E-04
        1028   3.68631998E-04
        1029   3.67756467E-04
        1030   3.66890919E-04
        1031   3.66001652E-04
        1032   3.65123444E-04
        1033   3.64227890E-04
        1034   3.63358093E-04
        1035   3.62471328E-04
        1036   3.61615588E-04
        1037   3.60756676E-04
        1038   3.59870610E-04
        1039   3.59014259E-04
        1040   3.58123216E-04
        1041   3.57266777E-04
        1042   3.56404751E-04
        1043   3.55536205E-04
        1044   3.54704243E-04
        1045   3.53836862E-04
        1046   3.52982228E-04
        1047   3.52115749E-04
        1048   3.51286144E-04
        1049   3.50438873E-04
        1050   3.49577429E-04
        1051   3.48745787E-04
        1052   3.47900728E-04
        1053   3.47076420E-04
        1054   3.46230780E-04
        1055   3.45387467E-04
        1056   3.44563974E-04
        1057   3.43737571E-04
        1058   3.42909509E-04
        1059   3.42090119E-04
        1060   3.41270847E-04
        1061   3.40437691E-04
        1062   3.39605787E-04
        1063   3.38770391E-04
        1064   3.37969395E-04
        1065   3.37171950E-04
        1066   3.36344441E-04
        1067   3.35516088E-04
        1068   3.34727752E-04
        1069   3.33915319E-04
        1070   3.33117932E-04
        1071   3.32311640E-04
        1072   3.31488991E-04
        1073   3.30722774E-04
        1074   3.29913746E-04
        1075   3.29120085E-04
        1076   3.28315160E-04
        1077   3.27531219E-04
        1078   3.26742535E-04
        1079   3.25955509E-04
        1080   3.25166300E-04
        1081   3.24405439E-04
        1082   3.23608721E-04
        1083   3.22840351E-04
        1084   3.22043023E-04
        1085   3.21267988E-04
        1086   3.20503837E-04
        1087   3.19709128E-04
        1088   3.18933249E-04
        1089   3.18165316E-04
        1090   3.17397527E-04
        1091   3.16669437E-04
        1092   3.15892044E-04
        1093   3.15166137E-04
        1094   3.14378151E-04
        1095   3.13615892E-04
        1096   3.12869699E-04
        1097   3.12137650E-04
        1098   3.11369251E-04
        1099   3.10590578E-04
        1100   3.09863186E-04
        1101   3.09124298E-04
        1102   3.08389339E-04
        1103   3.07624578E-04
        1104   3.06880363E-04
        1105   3.06130038E-04
        1106   3.05415975E-04
        1107   3.04671470E-04
        1108   3.03950015E-04
        1109   3.03199398E-04
        1110   3.02470493E-04
        1111   3.01748310E-04
        1112   3.00981250E-04
        1113   3.00289452E-04
        1114   2.99566338E-04
        1115   2.98852246E-04
        1116   2.98098021E-04
        1117   2.97409773E-04
        1118   2.96706945E-04
        1119   2.95980717E-04
        1120   2.95273698E-04
        1121   2.94540165E-04
        1122   2.93823075E-04
        1123   2.93132587E-04
        1124   2.92442681E-04
        1125   2.91734847E-04
        1126   2.91013159E-04
        1127   2.90328258E-04
        1128   2.89652817E-04
        1129   2.88926502E-04
        1130   2.88233743E-04
        1131   2.87570670E-04
        1132   2.86872877E-04
        1133   2.86163006E-04
        1134   2.85464077E-04
        1135   2.84773065E-04
        1136   2.84066628E-04
        1137   2.83407484E-04
        1138   2.82712688E-04
        1139   2.82029854E-04
        1140   2.81353190E-04
        1141   2.80691980E-04
        1142   2.80005566E-04
        1143   2.79325905E-04
        1144   2.78664753E-04
        1145   2.77995423E-04
        1146   2.77299871E-04
        1147   2.76643957E-04
        1148   2.75975734E-04
        1149   2.75293016E-04
        1150   2.74671038E-04
        1151   2.73982179E-04
        1152   2.73327809E-04
        1153   2.72661302E-04
        1154   2.71998462E-04
        1155   2.71354511E-04
        1156   2.70704419E-04
        1157   2.70040677E-04
        1158   2.69401615E-04
        1159   2.68761825E-04
        1160   2.68114556E-04
        1161   2.67447380E-04
        1162   2.66821560E-04
        1163   2.66197429E-04
        1164   2.65547220E-04
        1165   2.64910486E-04
        1166   2.64258299E-04
        1167   2.63639318E-04
        1168   2.62984686E-04
        1169   2.62358226E-04
        1170   2.61726294E-04
        1171   2.61105073E-04
        1172   2.60475121E-04
        1173   2.59836379E-04
        1174   2.59217020E-04
        1175   2.58597895E-04
        1176   2.57973705E-04
        1177   2.57349020E-04
        1178   2.56750529E-04
        1179   2.56138504E-04
        1180   2.55485182E-04
        1181   2.54884711E-04
        1182   2.54284707E-04
        1183   2.53659935E-04
        1184   2.53048172E-04
        1185   2.52421800E-04
        1186   2.51834426E-04
        1187   2.51202233E-04
        1188   2.50604993E-04
        1189   2.50011712E-04
        1190   2.49396835E-04
        1191   2.48814526E-04
        1192   2.48198485E-04
        1193   2.47611664E-04
        1194   2.47014861E-04
        1195   2.46417971E-04
        1196   2.45822594E-04
        1197   2.45224452E-04
        1198   2.44655326E-04
        1199   2.44045528E-04
        1200   2.43451286E-04
        1201   2.42884678E-04
        1202   2.42294409E-04
        1203   2.41699643E-04
        1204   2.41114321E-04
        1205   2.40537600E-04
        1206   2.39962479E-04
        1207   2.39378249E-04
        1208   2.38805442E-04
        1209   2.38232897E-04
        1210   2.37652974E-04
        1211   2.37080254E-04
        1212   2.36512366E-04
        1213   2.35948188E-04
        1214   2.35386833E-04
        1215   2.34821593E-04
        1216   2.34253370E-04
        1217   2.33667073E-04
        1218   2.33125276E-04
        1219   2.32581719E-04
        1220   2.32004939E-04
        1221   2.31438651E-04
        1222   2.30905294E-04
        1223   2.30333564E-04
        1224   2.29766345E-04
        1225   2.29231111E-04
        1226   2.28678182E-04
        1227   2.28113451E-04
        1228   2.27583048E-04
        1229   2.27018521E-04
        1230   2.26471268E-04
        1231   2.25944634E-04
        1232   2.25405223E-04
        1233   2.24820556E-04
        1234   2.24308664E-04
        1235   2.23774972E-04
        1236   2.23240073E-04
        1237   2.22690491E-04
        1238   2.22144896E-04
        1239   2.21608920E-04
        1240   2.21057519E-04
        1241   2.20527974E-04
        1242   2.20007176E-04
        1243   2.19495632E-04
        1244   2.18947447E-04
        1245   2.18445872E-04
        1246   2.17913708E-04
        1247   2.17403300E-04
        1248   2.16875473E-04
        1249   2.16349159E-04
        1250   2.15816690E-04
        1251   2.15286127E-04
        1252   2.14780201E-04
        1253   2.14240819E-04
        1254   2.13717940E-04
        1255   2.13215142E-04
        1256   2.12731335E-04
        1257   2.12196959E-04
        1258   2.11665189E-04
        1259   2.11163569E-04
        1260   2.10642858E-04
        1261   2.10141399E-04
        1262   2.09653386E-04
        1263   2.09141625E-04
        1264   2.08626312E-04
        1265   2.08128375E-04
        1266   2.07633086E-04
        1267   2.07104094E-04
        1268   2.06629644E-04
        1269   2.06132841E-04
        1270   2.05646837E-04
        1271   2.05137752E-04
        1272   2.04652097E-04
        1273   2.04139084E-04
        1274   2.03675736E-04
        1275   2.03185671E-04
        1276   2.02692376E-04
        1277   2.02189869E-04
        1278   2.01718765E-04
        1279   2.01243063E-04
        1280   2.00759430E-04
        1281   2.00259004E-04
        1282   1.99805625E-04
        1283   1.99289163E-04
        1284   1.98786744E-04
        1285   1.98350914E-04
        1286   1.97873407E-04
        1287   1.97397487E-04
        1288   1.96910274E-04
        1289   1.96418667E-04
        1290   1.95962391E-04
        1291   1.95507295E-04
        1292   1.94994864E-04
        1293   1.94561013E-04
        1294   1.94095148E-04
        1295   1.93609769E-04
        1296   1.93166372E-04
        1297   1.92713182E-04
        1298   1.92224295E-04
        1299   1.91749205E-04
        1300   1.91309737E-04
        1301   1.90837076E-04
        1302   1.90388426E-04
        1303   1.89936793E-04
        1304   1.89473794E-04
        1305   1.89003826E-04
        1306   1.88545440E-04
        1307   1.88095146E-04
        1308   1.87667130E-04
        1309   1.87202459E-04
        1310   1.86779565E-04
        1311   1.86285426E-04
        1312   1.85844838E-04
        1313   1.85379817E-04
        1314   1.84943157E-04
        1315   1.84516073E-04
        1316   1.84074190E-04
        1317   1.83596538E-04
        1318   1.83134456E-04
        1319   1.82723306E-04
        1320   1.82274161E-04
        1321   1.81838957E-04
        1322   1.81424766E-04
        1323   1.80979448E-04
        1324   1.80537812E-04
        1325   1.80116171E-04
        1326   1.79659779E-04
        1327   1.79226889E-04
        1328   1.78815419E-04
        1329   1.78398855E-04
        1330   1.77954134E-04
        1331   1.77526308E-04
        1332   1.77095571E-04
        1333   1.76658490E-04
        1334   1.76240050E-04
        1335   1.75813475E-04
        1336   1.75399226E-04
        1337   1.74985486E-04
        1338   1.74565299E-04
        1339   1.74133442E-04
        1340   1.73712455E-04
        1341   1.73284279E-04
        1342   1.72880158E-04
        1343   1.72464876E-04
        1344   1.72057567E-04
        1345   1.71619002E-04
        1346   1.71220177E-04
        1347   1.70826912E-04
        1348   1.70388885E-04
        1349   1.70011612E-04
        1350   1.69583640E-04
        1351   1.69166393E-04
        1352   1.68767248E-04
        1353   1.68368730E-04
        1354   1.67969905E-04
        1355   1.67559061E-04
        1356   1.67170394E-04
        1357   1.66745740E-04
        1358   1.66333077E-04
        1359   1.65916485E-04
        1360   1.65534278E-04
        1361   1.65148303E-04
        1362   1.64746962E-04
        1363   1.64356301E-04
        1364   1.63947770E-04
        1365   1.63534554E-04
        1366   1.63152930E-04
        1367   1.62746801E-04
        1368   1.62369572E-04
        1369   1.61973629E-04
        1370   1.61601318E-04
        1371   1.61219563E-04
        1372   1.60804891E-04
        1373   1.60426338E-04
        1374   1.60033436E-04
        1375   1.59650124E-04
        1376   1.59301242E-04
        1377   1.58892901E-04
        1378   1.58515482E-04
        1379   1.58133844E-04
        1380   1.57756847E-04
        1381   1.57400747E-04
        1382   1.56980546E-04
        1383   1.56615250E-04
        1384   1.56226248E-04
        1385   1.55864196E-04
        1386   1.55499292E-04
        1387   1.55085232E-04
        1388   1.54732144E-04
        1389   1.54367706E-04
        1390   1.53986897E-04
        1391   1.53607150E-04
        1392   1.53245477E-04
        1393   1.52880501E-04
        1394   1.52514229E-04
        1395   1.52142835E-04
        1396   1.51795917E-04
        1397   1.51411950E-04
        1398   1.51053624E-04
        1399   1.50689899E-04
        1400   1.50310429E-04
        1401   1.49978412E-04
        1402   1.49620886E-04
        1403   1.49265310E-04
        1404   1.48895328E-04
        1405   1.48549632E-04
        1406   1.48176376E-04
        1407   1.47851839E-04
        1408   1.47463245E-04
        1409   1.47102925E-04
        1410   1.46743172E-04
        1411   1.46399616E-04
        1412   1.46049613E-04
        1413   1.45697632E-04
        1414   1.45373531E-04
        1415   1.44992009E-04
        1416   1.44638150E-04
        1417   1.44266349E-04
        1418   1.43926940E-04
        1419   1.43584912E-04
        1420   1.43258309E-04
        1421   1.42905337E-04
        1422   1.42552846E-04
        1423   1.42240518E-04
        1424   1.41908444E-04
        1425   1.41569108E-04
        1426   1.41200799E-04
        1427   1.40864940E-04
        1428   1.40521675E-04
        1429   1.40173957E-04
        1430   1.39854572E-04
        1431   1.39528856E-04
        1432   1.39180760E-04
        1433   1.38843010E-04
        1434   1.38499076E-04
        1435   1.38167044E-04
        1436   1.37856070E-04
        1437   1.37519775E-04
        1438   1.37195821E-04
        1439   1.36874121E-04
        1440   1.36524483E-04
        1441   1.36196235E-04
        1442   1.35880691E-04
        1443   1.35544571E-04
        1444   1.35211114E-04
        1445   1.34911403E-04
        1446   1.34562521E-04
        1447   1.34226386E-04
        1448   1.33920039E-04
        1449   1.33588910E-04
        1450   1.33274632E-04
        1451   1.32940739E-04
        1452   1.32608635E-04
        1453   1.32312751E-04
        1454   1.32002766E-04
        1455   1.31679131E-04
        1456   1.31366251E-04
        1457   1.31053908E-04
        1458   1.30714441E-04
        1459   1.30430519E-04
        1460   1.30109576E-04
        1461   1.29791180E-04
        1462   1.29461652E-04
        1463   1.29167864E-04
        1464   1.28865053E-04
        1465   1.28564003E-04
        1466   1.28236905E-04
        1467   1.27910025E-04
        1468   1.27581894E-04
        1469   1.27279505E-04
        1470   1.26981045E-04
        1471   1.26694911E-04
        1472   1.26381070E-04
        1473   1.26098937E-04
        1474   1.25788370E-04
        1475   1.25477003E-04
        1476   1.25147664E-04
        1477   1.24865823E-04
        1478   1.24547587E-04
        1479   1.24276019E-04
        1480   1.23971578E-04
        1481   1.23669888E-04
        1482   1.23364982E-04
        1483   1.23050690E-04
        1484   1.22784564E-04
        1485   1.22501515E-04
        1486   1.22195663E-04
        1487   1.21898986E-04
        1488   1.21605692E-04
        1489   1.21293713E-04
        1490   1.21040997E-04
        1491   1.20725206E-04
        1492   1.20430763E-04
        1493   1.20166209E-04
        1494   1.19886980E-04
        1495   1.19606710E-04
        1496   1.19290358E-04
        1497   1.19000339E-04
        1498   1.18725737E-04
        1499   1.18423828E-04
        1500   1.18142103E-04
        1501   1.17865653E-04
        1502   1.17580006E-04
        1503   1.17315474E-04
        1504   1.17034164E-04
        1505   1.16744319E-04
        1506   1.16434996E-04
        1507   1.16173236E-04
        1508   1.15887255E-04
        1509   1.15625211E-04
        1510   1.15325667E-04
        1511   1.15059273E-04
        1512   1.14741481E-04
        1513   1.14473587E-04
        1514   1.14207389E-04
        1515   1.13943875E-04
        1516   1.13678005E-04
        1517   1.13383707E-04
        1518   1.13154558E-04
        1519   1.12854977E-04
        1520   1.12588452E-04
        1521   1.12304369E-04
        1522   1.12060108E-04
        1523   1.11790658E-04
        1524   1.11504058E-04
        1525   1.11239635E-04
        1526   1.10971130E-04
        1527   1.10678367E-04
        1528   1.10428016E-04
        1529   1.10166970E-04
        1530   1.09925430E-04
        1531   1.09642591E-04
        1532   1.09393593E-04
        1533   1.09098473E-04
        1534   1.08833825E-04
        1535   1.08581015E-04
        1536   1.08323264E-04
        1537   1.08071436E-04
        1538   1.07818269E-04
        1539   1.07553344E-04
        1540   1.07276930E-04
        1541   1.07060630E-04
        1542   1.06791995E-04
        1543   1.06542648E-04
        1544   1.06280357E-04
        1545   1.06019143E-04
        1546   1.05736908E-04
        1547   1.05460713E-04
        1548   1.05221443E-04
        1549   1.05000705E-04
        1550   1.04720086E-04
        1551   1.04481922E-04
        1552   1.04213934E-04
        1553   1.03979422E-04
        1554   1.03733721E-04
        1555   1.03480452E-04
        1556   1.03224265E-04
        1557   1.02996339E-04
        1558   1.02738624E-04
        1559   1.02498132E-04
        1560   1.02253245E-04
        1561   1.02001613E-04
        1562   1.01749785E-04
        1563   1.01502788E-04
        1564   1.01257203E-04
        1565   1.01011181E-04
        1566   1.00784782E-04
        1567   1.00533995E-04
        1568   1.00307392E-04
        1569   1.00077857E-04
        1570   9.98290197E-05
        1571   9.95435330E-05
        1572   9.93317881E-05
        1573   9.90914705E-05
        1574   9.88462634E-05
        1575   9.85949009E-05
        1576   9.83858990E-05
        1577   9.81580670E-05
        1578   9.79229662E-05
        1579   9.76642987E-05
        1580   9.74418508E-05
        1581   9.72083653E-05
        1582   9.69755638E-05
        1583   9.67326559E-05
        1584   9.65151776E-05
        1585   9.62749764E-05
        1586   9.60608013E-05
        1587   9.58209712E-05
        1588   9.55989672E-05
        1589   9.53445706E-05
        1590   9.51008042E-05
        1591   9.48943780E-05
        1592   9.46573709E-05
        1593   9.44452186E-05
        1594   9.42148108E-05
        1595   9.39920574E-05
        1596   9.37436635E-05
        1597   9.35509815E-05
        1598   9.33261472E-05
        1599   9.30922761E-05
        1600   9.28707668E-05
        1601   9.26128123E-05
        1602   9.24108026E-05
        1603   9.21911123E-05
        1604   9.19748272E-05
        1605   9.17311554E-05
        1606   9.15334385E-05
        1607   9.13067488E-05
        1608   9.11042735E-05
        1609   9.08710572E-05
        1610   9.06443674E-05
        1611   9.04449334E-05
        1612   9.02259635E-05
        1613   9.00099985E-05
        1614   8.97742866E-05
        1615   8.95742342E-05
        1616   8.93557808E-05
        1617   8.91105301E-05
        1618   8.89050134E-05
        1619   8.87050264E-05
        1620   8.85092668E-05
        1621   8.82504391E-05
        1622   8.80726002E-05
        1623   8.78663632E-05
        1624   8.76386839E-05
        1625   8.74460602E-05
        1626   8.72245582E-05
        1627   8.70184740E-05
        1628   8.68354109E-05
        1629   8.66015616E-05
        1630   8.63741443E-05
        1631   8.61781227E-05
        1632   8.59604188E-05
        1633   8.57515843E-05
        1634   8.55265316E-05
        1635   8.53275706E-05
        1636   8.51537698E-05
        1637   8.49487697E-05
        1638   8.47289848E-05
        1639   8.45154573E-05
        1640   8.43206217E-05
        1641   8.41182700E-05
        1642   8.39212371E-05
        1643   8.37093758E-05
        1644   8.35447499E-05
        1645   8.32972801E-05
        1646   8.31171565E-05
        1647   8.29041091E-05
        1648   8.27332187E-05
        1649   8.25199386E-05
        1650   8.23124283E-05
        1651   8.21194626E-05
        1652   8.19244597E-05
        1653   8.17386244E-05
        1654   8.15342864E-05
        1655   8.13326478E-05
        1656   8.11477585E-05
        1657   8.09700941E-05
        1658   8.07679025E-05
        1659   8.05784148E-05
        1660   8.03623479E-05
        1661   8.01865026E-05
        1662   8.00050693E-05
        1663   7.97990942E-05
        1664   7.96006207E-05
        1665   7.94421721E-05
        1666   7.92117717E-05
        1667   7.90116756E-05
        1668   7.88351099E-05
        1669   7.86475211E-05
        1670   7.84450240E-05
        1671   7.82621064E-05
        1672   7.80578557E-05
        1673   7.78992544E-05
        1674   7.77211972E-05
        1675   7.75306107E-05
        1676   7.73302891E-05
        1677   7.71579143E-05
        1678   7.69795297E-05
        1679   7.67916499E-05
        1680   7.65870718E-05
        1681   7.64107681E-05
        1682   7.62183845E-05
        1683   7.60342955E-05
        1684   7.58484093E-05
        1685   7.56653244E-05
        1686   7.54949942E-05
        1687   7.53284330E-05
        1688   7.51376210E-05
        1689   7.49794272E-05
        1690   7.47823869E-05
        1691   7.45837315E-05
        1692   7.44143545E-05
        1693   7.42601042E-05
        1694   7.40408286E-05
        1695   7.38766030E-05
        1696   7.36982838E-05
        1697   7.35378271E-05
        1698   7.33400375E-05
        1699   7.31889450E-05
        1700   7.30060565E-05
        1701   7.28196974E-05
        1702   7.26502913E-05
        1703   7.24717247E-05
        1704   7.22907498E-05
        1705   7.21185861E-05
        1706   7.19494128E-05
        1707   7.17584335E-05
        1708   7.16007562E-05
        1709   7.14253620E-05
        1710   7.12776673E-05
        1711   7.10840104E-05
        1712   7.09312517E-05
        1713   7.07535219E-05
        1714   7.05703133E-05
        1715   7.04200211E-05
        1716   7.02608304E-05
        1717   7.00573510E-05
        1718   6.98918375E-05
        1719   6.97333089E-05
        1720   6.95572380E-05
        1721   6.93746406E-05
        1722   6.92538160E-05
        1723   6.90843735E-05
        1724   6.89153749E-05
        1725   6.87231513E-05
        1726   6.85612176E-05
        1727   6.84235420E-05
        1728   6.82517566E-05
        1729   6.80819430E-05
        1730   6.79376171E-05
        1731   6.77669595E-05
        1732   6.75948540E-05
        1733   6.74411422E-05
        1734   6.72920214E-05
        1735   6.71094094E-05
        1736   6.69325309E-05
        1737   6.67635904E-05
        1738   6.65975458E-05
        1739   6.64570034E-05
        1740   6.62692109E-05
        1741   6.61271988E-05
        1742   6.59743528E-05
        1743   6.58248100E-05
        1744   6.56490956E-05
        1745   6.55096155E-05
        1746   6.53608295E-05
        1747   6.51917435E-05
        1748   6.50363363E-05
        1749   6.48765345E-05
        1750   6.47308625E-05
        1751   6.45773907E-05
        1752   6.44177562E-05
        1753   6.42600062E-05
        1754   6.41039878E-05
        1755   6.39639111E-05
        1756   6.38119163E-05
        1757   6.36533223E-05
        1758   6.34977114E-05
        1759   6.33191084E-05
        1760   6.31699586E-05
        1761   6.30162467E-05
        1762   6.28871130E-05
        1763   6.27072077E-05
        1764   6.25917892E-05
        1765   6.24469030E-05
        1766   6.22750158E-05
        1767   6.21141880E-05
        1768   6.19726270E-05
        1769   6.18362756E-05
        1770   6.16706675E-05
        1771   6.15307508E-05
        1772   6.14105593E-05
        1773   6.12285512E-05
        1774   6.11087671E-05
        1775   6.09458257E-05
        1776   6.07727707E-05
        1777   6.06486392E-05
        1778   6.05252135E-05
        1779   6.04004563E-05
        1780   6.02373220E-05
        1781   6.00881394E-05
        1782   5.99382838E-05
        1783   5.97989492E-05
        1784   5.96609461E-05
        1785   5.95146084E-05
        1786   5.93865916E-05
        1787   5.92053220E-05
        1788   5.90601412E-05
        1789   5.89115589E-05
        1790   5.87846116E-05
        1791   5.86431233E-05
        1792   5.85074667E-05
        1793   5.83865803E-05
        1794   5.82220855E-05
        1795   5.80731466E-05
        1796   5.79418047E-05
        1797   5.77991232E-05
        1798   5.76448401E-05
        1799   5.75272024E-05
        1800   5.73824109E-05
        1801   5.72450444E-05
        1802   5.71367491E-05
        1803   5.69804070E-05
        1804   5.68443793E-05
        1805   5.67044153E-05
        1806   5.65512055E-05
        1807   5.64195325E-05
        1808   5.62972527E-05
        1809   5.61284687E-05
        1810   5.60313274E-05
        1811   5.58897445E-05
        1812   5.57841340E-05
        1813   5.56019295E-05
        1814   5.54881080E-05
        1815   5.53521677E-05
        1816   5.52320998E-05
        1817   5.51034937E-05
        1818   5.49603392E-05
        1819   5.48404096E-05
        1820   5.47147902E-05
        1821   5.45699040E-05
        1822   5.44439099E-05
        1823   5.43092428E-05
        1824   5.41779373E-05
        1825   5.40446053E-05
        1826   5.39304492E-05
        1827   5.37802662E-05
        1828   5.36422267E-05
        1829   5.35128493E-05
        1830   5.33953244E-05
        1831   5.32647646E-05
        1832   5.31503865E-05
        1833   5.30216821E-05
        1834   5.29181561E-05
        1835   5.27609882E-05
        1836   5.26511612E-05
        1837   5.24962343E-05
        1838   5.23731542E-05
        1839   5.22679693E-05
        1840   5.21432303E-05
        1841   5.20065114E-05
        1842   5.18825727E-05
        1843   5.17636654E-05
        1844   5.16426298E-05
        1845   5.15230968E-05
        1846   5.14010680E-05
        1847   5.12625738E-05
        1848   5.11451726E-05
        1849   5.10202190E-05
        1850   5.08939629E-05
        1851   5.08023913E-05
        1852   5.06790493E-05
        1853   5.05515454E-05
        1854   5.04345626E-05
        1855   5.03028969E-05
        1856   5.01755312E-05
        1857   5.00364367E-05
        1858   4.99292037E-05
        1859   4.98126683E-05
        1860   4.97001456E-05
        1861   4.95825188E-05
        1862   4.94406340E-05
        1863   4.93328080E-05
        1864   4.92323816E-05
        1865   4.90945968E-05
        1866   4.89824997E-05
        1867   4.88820224E-05
        1868   4.87575890E-05
        1869   4.86277240E-05
        1870   4.85043784E-05
        1871   4.84198026E-05
        1872   4.82957148E-05
        1873   4.81586976E-05
        1874   4.80647213E-05
        1875   4.79200753E-05
        1876   4.78169532E-05
        1877   4.76891109E-05
        1878   4.76153327E-05
        1879   4.74999360E-05
        1880   4.73713226E-05
        1881   4.72489701E-05
        1882   4.71285784E-05
        1883   4.70119667E-05
        1884   4.69025581E-05
        1885   4.68074795E-05
        1886   4.66613819E-05
        1887   4.65533085E-05
        1888   4.64667974E-05
        1889   4.63393808E-05
        1890   4.62198077E-05
        1891   4.61293639E-05
        1892   4.60119700E-05
        1893   4.58792128E-05
        1894   4.57803144E-05
        1895   4.56781090E-05
        1896   4.55904956E-05
        1897   4.54758301E-05
        1898   4.53646171E-05
        1899   4.52593631E-05
        1900   4.51438100E-05
        1901   4.50329608E-05
        1902   4.49160616E-05
        1903   4.48337632E-05
        1904   4.46892773E-05
        1905   4.45778496E-05
        1906   4.44951402E-05
        1907   4.43793833E-05
        1908   4.42893179E-05
        1909   4.41526863E-05
        1910   4.40710719E-05
        1911   4.39677606E-05
        1912   4.38564202E-05
        1913   4.37383969E-05
        1914   4.36738846E-05
        1915   4.35732618E-05
        1916   4.34409667E-05
        1917   4.33412606E-05
        1918   4.32551169E-05
        1919   4.31408553E-05
        1920   4.30354048E-05
        1921   4.29244501E-05
        1922   4.28049498E-05
        1923   4.27196210E-05
        1924   4.26197585E-05
        1925   4.25325743E-05
        1926   4.24254868E-05
        1927   4.23000456E-05
        1928   4.22172852E-05
        1929   4.21061195E-05
        1930   4.19979078E-05
        1931   4.19149474E-05
        1932   4.17969895E-05
        1933   4.17164702E-05
        1934   4.15981522E-05
        1935   4.15106297E-05
        1936   4.14092465E-05
        1937   4.13237722E-05
        1938   4.11852452E-05
        1939   4.11028668E-05
        1940   4.09978893E-05
        1941   4.08975648E-05
        1942   4.08375381E-05
        1943   4.07357802E-05
        1944   4.06394065E-05
        1945   4.05432002E-05
        1946   4.04416533E-05
        1947   4.03507875E-05
        1948   4.02258374E-05
        1949   4.01434772E-05
        1950   4.00342760E-05
        1951   3.99532546E-05
        1952   3.98305565E-05
        1953   3.97676231E-05
        1954   3.96587966E-05
        1955   3.95835850E-05
        1956   3.94657218E-05
        1957   3.93751543E-05
        1958   3.93062874E-05
        1959   3.91956310E-05
        1960   3.91036556E-05
        1961   3.90188579E-05
        1962   3.89004599E-05
        1963   3.88336884E-05
        1964   3.87193359E-05
        1965   3.86478605E-05
        1966   3.85383137E-05
        1967   3.84624036E-05
        1968   3.83730730E-05
        1969   3.82561557E-05
        1970   3.81612444E-05
        1971   3.80730526E-05
        1972   3.80063175E-05
        1973   3.78675722E-05
        1974   3.78188233E-05
        1975   3.77055221E-05
        1976   3.76280586E-05
        1977   3.75276213E-05
        1978   3.74548617E-05
        1979   3.73601979E-05
        1980   3.72508730E-05
        1981   3.71943133E-05
        1982   3.70794878E-05
        1983   3.70050730E-05
        1984   3.69064910E-05
        1985   3.68267574E-05
        1986   3.67441971E-05
        1987   3.66463719E-05
        1988   3.65566557E-05
        1989   3.64644438E-05
        1990   3.63776126E-05
        1991   3.63050931E-05
        1992   3.61965940E-05
        1993   3.60974191E-05
        1994   3.60545928E-05
        1995   3.59445476E-05
        1996   3.58600228E-05
        1997   3.57548706E-05
        1998   3.57041718E-05
        1999   3.55921147E-05
        2000   3.55327393E-05
        2001   3.54135373E-05
        2002   3.53651631E-05
        2003   3.52660791E-05
        2004   3.51918243E-05
        2005   3.51026538E-05
        2006   3.50038135E-05
        2007   3.49131296E-05
        2008   3.48553876E-05
        2009   3.47527493E-05
        2010   3.46921770E-05
        2011   3.45806984E-05
        2012   3.45046064E-05
        2013   3.44445361E-05
        2014   3.43615866E-05
        2015   3.42625317E-05
        2016   3.41898121E-05
        2017   3.40947336E-05
        2018   3.40273982E-05
        2019   3.39159451E-05
        2020   3.38778591E-05
        2021   3.37825768E-05
        2022   3.36999001E-05
        2023   3.36083467E-05
        2024   3.35537879E-05
        2025   3.34414945E-05
        2026   3.33805619E-05
        2027   3.33189892E-05
        2028   3.32190102E-05
        2029   3.31450610E-05
        2030   3.30521725E-05
        2031   3.29957293E-05
        2032   3.28969181E-05
        2033   3.28376736E-05
        2034   3.27555535E-05
        2035   3.26714471E-05
        2036   3.26019290E-05
        2037   3.25085348E-05
        2038   3.24278917E-05
        2039   3.23761669E-05
        2040   3.22831584E-05
        2041   3.22133092E-05
        2042   3.21225743E-05
        2043   3.20746040E-05
        2044   3.19876490E-05
        2045   3.19064420E-05
        2046   3.18511738E-05
        2047   3.17607119E-05
        2048   3.16556980E-05
        2049   3.16084261E-05
        2050   3.15261859E-05
        2051   3.14358513E-05
        2052   3.13561941E-05
        2053   3.12756347E-05
        2054   3.12210286E-05
        2055   3.11562144E-05
        2056   3.10718824E-05
        2057   3.10032992E-05
        2058   3.09009629E-05
        2059   3.08493618E-05
        2060   3.07781920E-05
        2061   3.07173141E-05
        2062   3.06420989E-05
        2063   3.05594876E-05
        2064   3.04445384E-05
        2065   3.04199184E-05
        2066   3.03390334E-05
        2067   3.02750977E-05
        2068   3.02106273E-05
        2069   3.01169057E-05
        2070   3.00459014E-05
        2071   2.99695639E-05
        2072   2.98898121E-05
        2073   2.98102932E-05
        2074   2.97523911E-05
        2075   2.96830312E-05
        2076   2.96207782E-05
        2077   2.95769933E-05
        2078   2.94926831E-05
        2079   2.94293986E-05
        2080   2.93429894E-05
        2081   2.92766672E-05
        2082   2.91988745E-05
        2083   2.91307497E-05
        2084   2.90785956E-05
        2085   2.89787513E-05
        2086   2.89028085E-05
        2087   2.88678930E-05
        2088   2.87926941E-05
        2089   2.87267012E-05
        2090   2.86487884E-05
        2091   2.85952829E-05
        2092   2.85121787E-05
        2093   2.84519865E-05
        2094   2.83931331E-05
        2095   2.83246773E-05
        2096   2.82278361E-05
        2097   2.81778375E-05
        2098   2.81113262E-05
        2099   2.80624790E-05
        2100   2.79793458E-05
        2101   2.78999014E-05
        2102   2.78301559E-05
        2103   2.77744330E-05
        2104   2.77024756E-05
        2105   2.76593328E-05
        2106   2.75582697E-05
        2107   2.74931026E-05
        2108   2.74432132E-05
        2109   2.73946880E-05
        2110   2.72966154E-05
        2111   2.72249217E-05
        2112   2.71999052E-05
        2113   2.71204099E-05
        2114   2.70447763E-05
        2115   2.69916563E-05
        2116   2.69011416E-05
        2117   2.68710210E-05
        2118   2.68070999E-05
        2119   2.67343639E-05
        2120   2.66891529E-05
        2121   2.66158822E-05
        2122   2.65182371E-05
        2123   2.64774699E-05
        2124   2.63999445E-05
        2125   2.63705915E-05
        2126   2.62927479E-05
        2127   2.62255107E-05
        2128   2.61723853E-05
        2129   2.61074474E-05
        2130   2.60384331E-05
        2131   2.59636636E-05
        2132   2.58980635E-05
        2133   2.58372584E-05
        2134   2.57820011E-05
        2135   2.57246356E-05
        2136   2.56474777E-05
        2137   2.56260555E-05
        2138   2.55695813E-05
        2139   2.54639835E-05
        2140   2.54602983E-05
        2141   2.53895887E-05
        2142   2.53197795E-05
        2143   2.52274713E-05
        2144   2.51908750E-05
        2145   2.51387701E-05
        2146   2.50764497E-05
        2147   2.50102021E-05
        2148   2.49476452E-05
        2149   2.48957513E-05
        2150   2.48284523E-05
        2151   2.47821044E-05
        2152   2.47152821E-05
        2153   2.46549425E-05
        2154   2.46038562E-05
        2155   2.45096035E-05
        2156   2.44599632E-05
        2157   2.43992199E-05
        2158   2.43391332E-05
        2159   2.43101622E-05
        2160   2.42465267E-05
        2161   2.41552752E-05
        2162   2.41413800E-05
        2163   2.40893696E-05
        2164   2.40224599E-05
        2165   2.39566907E-05
        2166   2.39069905E-05
        2167   2.38424491E-05
        2168   2.37690401E-05
        2169   2.37269269E-05
        2170   2.36764445E-05
        2171   2.36133037E-05
        2172   2.35681910E-05
        2173   2.34915169E-05
        2174   2.34752224E-05
        2175   2.33867650E-05
        2176   2.33241262E-05
        2177   2.32732236E-05
        2178   2.31847807E-05
        2179   2.31496761E-05
        2180   2.31000140E-05
        2181   2.30504211E-05
        2182   2.29819943E-05
        2183   2.29239395E-05
        2184   2.28814897E-05
        2185   2.28394292E-05
        2186   2.27914388E-05
        2187   2.27457895E-05
        2188   2.26738357E-05
        2189   2.26283537E-05
        2190   2.25990752E-05
        2191   2.25378772E-05
        2192   2.24685373E-05
        2193   2.24538635E-05
        2194   2.23666739E-05
        2195   2.23251755E-05
        2196   2.22530780E-05
        2197   2.21932260E-05
        2198   2.21454720E-05
        2199   2.21143055E-05
        2200   2.20679703E-05
        2201   2.20029397E-05
        2202   2.19534850E-05
        2203   2.18824971E-05
        2204   2.18487203E-05
        2205   2.17840843E-05
        2206   2.17455545E-05
        2207   2.16909830E-05
        2208   2.16492717E-05
        2209   2.15886612E-05
        2210   2.15369109E-05
        2211   2.14967276E-05
        2212   2.14321117E-05
        2213   2.13795465E-05
        2214   2.13244784E-05
        2215   2.12618706E-05
        2216   2.11878141E-05
        2217   2.11246606E-05
        2218   2.11271526E-05
        2219   2.10521885E-05
        2220   2.10147355E-05
        2221   2.09730861E-05
        2222   2.09220871E-05
        2223   2.08734727E-05
        2224   2.08298843E-05
        2225   2.07773846E-05
        2226   2.07438770E-05
        2227   2.06819423E-05
        2228   2.06145942E-05
        2229   2.05853739E-05
        2230   2.05247215E-05
        2231   2.05005872E-05
        2232   2.04350854E-05
        2233   2.03782402E-05
        2234   2.03277305E-05
        2235   2.02823139E-05
        2236   2.02459614E-05
        2237   2.02062256E-05
        2238   2.01508537E-05
        2239   2.01207331E-05
        2240   2.00636914E-05
        2241   2.00369450E-05
        2242   1.99490787E-05
